103 2014-11-23 1416711619 0 65 17
103 2014-11-23 1416712513 0 65 17
103 2014-11-23 1416713411 0 65 17
103 2014-11-23 1416714313 0 65 17
106 2014-11-23 1416715219 0 68 17
107 2014-11-23 1416716177 0 68 18
107 2014-11-23 1416717018 0 68 18
107 2014-11-23 1416717959 0 68 18
110 2014-11-23 1416718818 0 71 19
110 2014-11-23 1416719777 0 71 19
110 2014-11-23 1416720614 0 71 19
110 2014-11-23 1416721577 0 71 19
113 2014-11-23 1416722420 0 74 20
113 2014-11-23 1416723316 0 74 20
113 2014-11-23 1416724214 0 74 20
113 2014-11-23 1416725118 0 74 20
116 2014-11-23 1416726017 0 77 21
118 2014-11-23 1416726915 0 77 21
118 2014-11-23 1416727878 0 77 21
118 2014-11-23 1416728715 0 77 21
121 2014-11-23 1416729623 0 80 21
121 2014-11-23 1416730523 0 80 22
121 2014-11-23 1416731415 0 80 22
121 2014-11-23 1416732320 0 80 22
125 2014-11-23 1416733227 0 83 23
127 2014-11-23 1416734119 0 84 24
127 2014-11-23 1416735019 0 84 24
127 2014-11-23 1416735917 0 84 24
130 2014-11-23 1416736820 0 87 24
130 2014-11-23 1416737719 0 87 25
129 2014-11-23 1416738679 0 85 23
102 2014-11-23 1416739538 0 51 10
69 2014-11-23 1416740427 0 15 9
69 2014-11-23 1416741318 0 15 9
67 2014-11-23 1416742226 0 13 8
69 2014-11-23 1416743118 0 13 8
69 2014-11-23 1416744026 0 13 8
68 2014-11-23 1416744981 0 13 7
68 2014-11-23 1416745880 0 13 7
68 2014-11-23 1416746714 0 13 7
69 2014-11-23 1416747624 0 13 7
69 2014-11-23 1416748515 0 16 7
69 2014-11-23 1416749423 0 16 7
70 2014-11-23 1416750383 0 16 7
70 2014-11-23 1416751228 0 16 7
71 2014-11-23 1416752117 0 16 7
71 2014-11-23 1416753022 0 16 7
72 2014-11-23 1416753918 0 16 7
74 2014-11-23 1416754826 0 18 9
79 2014-11-23 1416755721 0 23 15
80 2014-11-23 1416756624 0 24 15
80 2014-11-23 1416757520 0 24 15
80 2014-11-23 1416758424 0 25 15
80 2014-11-23 1416759324 0 26 15
80 2014-11-23 1416760281 0 26 15
81 2014-11-23 1416761124 0 27 15
82 2014-11-23 1416762035 0 28 15
73 2014-11-23 1416762987 0 29 15
49 2014-11-23 1416763802 0 24 15
50 2014-11-23 1416764719 0 24 15
50 2014-11-23 1416765605 0 24 15
42 2014-11-23 1416766503 0 20 12
43 2014-11-23 1416767409 0 20 12
39 2014-11-23 1416768305 0 19 11
41 2014-11-23 1416769211 0 19 11
43 2014-11-23 1416770107 0 19 11
40 2014-11-23 1416771071 0 17 10
41 2014-11-23 1416771908 0 17 10
43 2014-11-23 1416772815 0 17 10
40 2014-11-23 1416773709 0 15 8
40 2014-11-23 1416774673 0 15 8
41 2014-11-23 1416775508 0 15 8
41 2014-11-23 1416776430 0 15 8
41 2014-11-23 1416777309 0 15 8
41 2014-11-23 1416778272 0 15 8
41 2014-11-23 1416779110 0 15 8
42 2014-11-23 1416780013 0 15 8
45 2014-11-23 1416780911 0 16 8
46 2014-11-23 1416781873 0 16 8
47 2014-11-23 1416782772 0 16 8
48 2014-11-23 1416783611 0 17 8
55 2014-11-23 1416784576 0 18 8
56 2014-11-23 1416785421 0 18 8
56 2014-11-23 1416786318 0 18 8
60 2014-11-24 1416787224 0 19 8
60 2014-11-24 1416788114 0 19 8
60 2014-11-24 1416789017 0 19 8
63 2014-11-24 1416789916 0 19 8
72 2014-11-24 1416790829 0 20 8
72 2014-11-24 1416791721 0 20 8
72 2014-11-24 1416792626 0 20 8
72 2014-11-24 1416793518 0 20 8
73 2014-11-24 1416794428 0 21 8
74 2014-11-24 1416795323 0 21 8
74 2014-11-24 1416796224 0 21 8
75 2014-11-24 1416797191 0 21 8
76 2014-11-24 1416798025 0 22 8
76 2014-11-24 1416798931 0 22 8
76 2014-11-24 1416799828 0 22 8
76 2014-11-24 1416800723 0 22 8
78 2014-11-24 1416801711 0 23 8
78 2014-11-24 1416802581 0 23 8
78 2014-11-24 1416803424 0 23 8
78 2014-11-24 1416804322 0 23 8
79 2014-11-24 1416805247 0 24 8
79 2014-11-24 1416806124 0 24 8
79 2014-11-24 1416807031 0 24 8
79 2014-11-24 1416807991 0 24 8
79 2014-11-24 1416808886 0 24 8
80 2014-11-24 1416809728 0 25 8
80 2014-11-24 1416810625 0 25 8
80 2014-11-24 1416811527 0 25 8
81 2014-11-24 1416812434 0 26 8
83 2014-11-24 1416813327 0 26 8
83 2014-11-24 1416814230 0 26 8
83 2014-11-24 1416815124 0 26 8
84 2014-11-24 1416816026 0 27 8
85 2014-11-24 1416816925 0 27 8
85 2014-11-24 1416817828 0 27 8
85 2014-11-24 1416818788 0 27 8
89 2014-11-24 1416819694 0 30 9
90 2014-11-24 1416820527 0 30 9
91 2014-11-24 1416821493 0 30 9
91 2014-11-24 1416822347 0 30 9
94 2014-11-24 1416823233 0 31 9
97 2014-11-24 1416824193 0 31 8
99 2014-11-24 1416825042 0 33 8
98 2014-11-24 1416825937 0 31 6
101 2014-11-24 1416826844 0 32 6
102 2014-11-24 1416827732 0 33 6
104 2014-11-24 1416828691 0 33 6
94 2014-11-24 1416830494 0 18 5
88 2014-11-24 1416831339 0 16 3
82 2014-11-24 1416832230 0 15 4
67 2014-11-24 1416833129 0 15 4
53 2014-11-24 1416834011 0 15 4
44 2014-11-24 1416834905 0 15 4
43 2014-11-24 1416835804 0 13 2
43 2014-11-24 1416836718 0 13 2
44 2014-11-24 1416837609 0 13 2
46 2014-11-24 1416838506 0 13 2
48 2014-11-24 1416839424 0 12 1
51 2014-11-24 1416840372 0 12 1
53 2014-11-24 1416841278 0 13 2
61 2014-11-24 1416842172 0 17 5
57 2014-11-24 1416843014 0 16 5
56 2014-11-24 1416843944 0 15 5
57 2014-11-24 1416844816 0 16 5
60 2014-11-24 1416845737 0 16 5
60 2014-11-24 1416846630 0 16 5
62 2014-11-24 1416847593 0 16 5
64 2014-11-24 1416848435 0 17 5
65 2014-11-24 1416849337 0 17 5
67 2014-11-24 1416850233 0 17 5
64 2014-11-24 1416851131 0 12 1
69 2014-11-24 1416852041 0 14 2
71 2014-11-24 1416852931 0 14 2
72 2014-11-24 1416853839 0 14 2
73 2014-11-24 1416854792 0 14 2
74 2014-11-24 1416855640 0 15 2
74 2014-11-24 1416856590 0 15 2
74 2014-11-24 1416857428 0 15 2
74 2014-11-24 1416858330 0 15 2
75 2014-11-24 1416859234 0 16 2
75 2014-11-24 1416860131 0 16 2
76 2014-11-24 1416861032 0 16 2
77 2014-11-24 1416861929 0 16 2
80 2014-11-24 1416862830 0 17 2
81 2014-11-24 1416863796 0 17 2
69 2014-11-24 1416864690 0 17 2
81 2014-11-24 1416865531 0 17 2
82 2014-11-24 1416866441 0 18 2
82 2014-11-24 1416867336 0 19 2
82 2014-11-24 1416868235 0 19 2
82 2014-11-24 1416869130 0 19 2
71 2014-11-24 1416870038 0 20 2
85 2014-11-24 1416870951 0 20 2
86 2014-11-24 1416871832 0 20 2
86 2014-11-24 1416872732 0 20 2
87 2014-11-25 1416873693 0 21 2
87 2014-11-25 1416874532 0 21 2
87 2014-11-25 1416875441 0 21 2
87 2014-11-25 1416876337 0 21 2
73 2014-11-25 1416877293 0 22 2
88 2014-11-25 1416878129 0 22 2
88 2014-11-25 1416879032 0 22 2
88 2014-11-25 1416880000 0 22 2
90 2014-11-25 1416880891 0 23 2
90 2014-11-25 1416881793 0 23 2
91 2014-11-25 1416882633 0 23 2
91 2014-11-25 1416883533 0 23 2
92 2014-11-25 1416884438 0 24 2
92 2014-11-25 1416885362 0 24 2
92 2014-11-25 1416886235 0 24 2
92 2014-11-25 1416887176 0 24 2
93 2014-11-25 1416888047 0 25 2
94 2014-11-25 1416888933 0 25 2
94 2014-11-25 1416889843 0 25 2
94 2014-11-25 1416890732 0 25 2
95 2014-11-25 1416891637 0 26 2
95 2014-11-25 1416892591 0 26 2
95 2014-11-25 1416893437 0 26 2
95 2014-11-25 1416894333 0 26 2
97 2014-11-25 1416895238 0 28 2
97 2014-11-25 1416896137 0 28 2
97 2014-11-25 1416897033 0 29 2
98 2014-11-25 1416897935 0 29 2
80 2014-11-25 1416898830 0 30 2
103 2014-11-25 1416899736 0 30 2
103 2014-11-25 1416900637 0 31 2
103 2014-11-25 1416901537 0 31 2
104 2014-11-25 1416902438 0 32 2
105 2014-11-25 1416903341 0 32 2
105 2014-11-25 1416904234 0 33 2
106 2014-11-25 1416905142 0 33 2
107 2014-11-25 1416906040 0 35 3
108 2014-11-25 1416906936 0 36 4
108 2014-11-25 1416907840 0 36 4
111 2014-11-25 1416908736 0 37 4
113 2014-11-25 1416909644 0 38 4
116 2014-11-25 1416910533 0 38 4
118 2014-11-25 1416911445 0 38 4
121 2014-11-25 1416912339 0 41 4
124 2014-11-25 1416913258 0 42 4
124 2014-11-25 1416914208 0 43 4
125 2014-11-25 1416915050 0 44 4
125 2014-11-25 1416915936 0 45 4
128 2014-11-25 1416916875 0 46 4
128 2014-11-25 1416917742 0 47 4
129 2014-11-25 1416918650 0 47 4
132 2014-11-25 1416920449 0 60 4
132 2014-11-25 1416921411 0 61 4
132 2014-11-25 1416922261 0 63 4
87 2014-11-25 1416923121 0 62 4
128 2014-11-25 1416925020 0 61 4
110 2014-11-25 1416925887 0 60 5
74 2014-11-25 1416926708 0 60 5
77 2014-11-25 1416927614 0 62 6
90 2014-11-25 1416928566 0 74 17
91 2014-11-25 1416929406 0 74 18
93 2014-11-25 1416930305 0 74 18
96 2014-11-25 1416931212 0 75 19
97 2014-11-25 1416932170 0 76 19
97 2014-11-25 1416933007 0 76 19
100 2014-11-25 1416933943 0 76 19
102 2014-11-25 1416934815 0 77 20
98 2014-11-25 1416936405 0 77 22
103 2014-11-25 1416936614 0 80 22
104 2014-11-25 1416937508 0 82 22
105 2014-11-25 1416938414 0 82 23
112 2014-11-25 1416939381 0 86 26
112 2014-11-25 1416940276 0 86 26
113 2014-11-25 1416941127 0 86 26
114 2014-11-25 1416942014 0 87 27
114 2014-11-25 1416942912 0 87 27
115 2014-11-25 1416943875 0 87 27
116 2014-11-25 1416944714 0 87 27
118 2014-11-25 1416945624 0 88 28
118 2014-11-25 1416946577 0 88 28
118 2014-11-25 1416947423 0 88 28
118 2014-11-25 1416948334 0 88 28
119 2014-11-25 1416949224 0 90 29
119 2014-11-25 1416950119 0 90 29
119 2014-11-25 1416951024 0 90 29
119 2014-11-25 1416951915 0 90 29
122 2014-11-25 1416952827 0 91 30
124 2014-11-25 1416953715 0 91 30
125 2014-11-25 1416954622 0 91 30
125 2014-11-25 1416955585 0 91 30
126 2014-11-25 1416956489 0 92 31
126 2014-11-25 1416957317 0 92 32
126 2014-11-25 1416958221 0 92 32
126 2014-11-25 1416959178 0 92 32
127 2014-11-26 1416960080 0 93 33
127 2014-11-26 1416960918 0 93 33
127 2014-11-26 1416961825 0 93 33
127 2014-11-26 1416962716 0 93 33
129 2014-11-26 1416963680 0 94 34
129 2014-11-26 1416964516 0 94 34
129 2014-11-26 1416965417 0 94 34
129 2014-11-26 1416966317 0 94 34
130 2014-11-26 1416967283 0 95 35
131 2014-11-26 1416968116 0 95 35
131 2014-11-26 1416969081 0 95 35
131 2014-11-26 1416969983 0 95 35
132 2014-11-26 1416970820 0 96 36
132 2014-11-26 1416971720 0 96 36
132 2014-11-26 1416972623 0 96 36
132 2014-11-26 1416973528 0 96 36
132 2014-11-26 1416974482 0 96 37
135 2014-11-26 1416975318 0 97 37
135 2014-11-26 1416976221 0 97 37
135 2014-11-26 1416977129 0 97 37
136 2014-11-26 1416978026 0 98 38
136 2014-11-26 1416978980 0 98 38
136 2014-11-26 1416979821 0 98 38
136 2014-11-26 1416980719 0 98 38
137 2014-11-26 1416981681 0 99 40
137 2014-11-26 1416982581 0 99 40
137 2014-11-26 1416983420 0 99 40
137 2014-11-26 1416984320 0 99 40
138 2014-11-26 1416985282 0 100 41
139 2014-11-26 1416986120 0 100 41
139 2014-11-26 1416987020 0 100 41
139 2014-11-26 1416987919 0 100 41
140 2014-11-26 1416989783 0 101 42
140 2014-11-26 1416990620 0 101 42
140 2014-11-26 1416991525 0 101 42
142 2014-11-26 1416992423 0 102 43
142 2014-11-26 1416993321 0 102 43
143 2014-11-26 1416994222 0 102 43
145 2014-11-26 1416995125 0 102 43
146 2014-11-26 1416996084 0 103 44
147 2014-11-26 1416996930 0 103 44
147 2014-11-26 1416997828 0 103 44
148 2014-11-26 1416998786 0 103 46
149 2014-11-26 1416999638 0 104 47
150 2014-11-26 1417000529 0 104 47
149 2014-11-26 1417001423 0 104 47
150 2014-11-26 1417002325 0 104 47
152 2014-11-26 1417003227 0 105 48
153 2014-11-26 1417004127 0 105 48
153 2014-11-26 1417005044 0 105 48
154 2014-11-26 1417005989 0 105 48
157 2014-11-26 1417006895 0 106 49
158 2014-11-26 1417007729 0 106 49
158 2014-11-26 1417008694 0 107 49
158 2014-11-26 1417009527 0 107 49
160 2014-11-26 1417010433 0 108 50
163 2014-11-26 1417011389 0 109 50
165 2014-11-26 1417012247 0 109 50
165 2014-11-26 1417013196 0 113 50
166 2014-11-26 1417014039 0 115 51
176 2014-11-26 1417014928 1 127 60
175 2014-11-26 1417015892 1 128 60
176 2014-11-26 1417016746 1 130 61
177 2014-11-26 1417017646 1 134 62
177 2014-11-26 1417018533 1 135 62
177 2014-11-26 1417019429 1 135 62
179 2014-11-26 1417020348 1 138 62
183 2014-11-26 1417021237 1 140 63
183 2014-11-26 1417022134 1 140 63
185 2014-11-26 1417023039 1 140 63
185 2014-11-26 1417023928 1 141 63
186 2014-11-26 1417024837 2 142 63
188 2014-11-26 1417025792 2 145 64
188 2014-11-26 1417026651 2 146 64
189 2014-11-26 1417027538 2 147 64
191 2014-11-26 1417028471 2 148 65
191 2014-11-26 1417029333 2 149 65
193 2014-11-26 1417030245 2 150 65
194 2014-11-26 1417031198 2 151 65
195 2014-11-26 1417032046 2 152 66
197 2014-11-26 1417032940 2 152 66
198 2014-11-26 1417033855 2 152 66
199 2014-11-26 1417034743 2 152 66
202 2014-11-26 1417035660 2 154 67
213 2014-11-26 1417037460 2 155 67
216 2014-11-26 1417038398 2 155 67
218 2014-11-26 1417039253 2 156 68
218 2014-11-26 1417040148 2 157 69
220 2014-11-26 1417041055 2 158 69
221 2014-11-26 1417042015 2 158 69
222 2014-11-26 1417042858 2 159 70
222 2014-11-26 1417043755 2 159 70
224 2014-11-26 1417044657 2 159 70
224 2014-11-26 1417045548 2 159 70
225 2014-11-27 1417046451 2 160 71
227 2014-11-27 1417047414 2 160 71
227 2014-11-27 1417048254 2 160 71
227 2014-11-27 1417049149 2 160 71
228 2014-11-27 1417050063 2 162 72
228 2014-11-27 1417050953 2 162 72
228 2014-11-27 1417051863 2 162 72
229 2014-11-27 1417052751 2 162 72
230 2014-11-27 1417053728 2 163 73
232 2014-11-27 1417054617 2 163 73
232 2014-11-27 1417055459 2 163 73
232 2014-11-27 1417056356 2 163 73
234 2014-11-27 1417057286 2 164 74
234 2014-11-27 1417058153 2 164 74
235 2014-11-27 1417059065 2 164 74
235 2014-11-27 1417059950 2 164 74
236 2014-11-27 1417060928 2 165 74
238 2014-11-27 1417061817 2 166 75
206 2014-11-27 1417063573 2 166 75
239 2014-11-27 1417063624 2 166 75
240 2014-11-27 1417064528 2 167 76
240 2014-11-27 1417065353 2 167 76
240 2014-11-27 1417066275 2 167 76
240 2014-11-27 1417067217 2 167 76
241 2014-11-27 1417068060 2 168 77
242 2014-11-27 1417069858 2 168 77
242 2014-11-27 1417070806 2 168 77
187 2014-11-27 1417072342 2 169 78
245 2014-11-27 1417072555 2 170 78
246 2014-11-27 1417073472 2 170 78
246 2014-11-27 1417074354 2 170 78
247 2014-11-27 1417075265 2 171 79
248 2014-11-27 1417076162 2 172 79
249 2014-11-27 1417077065 2 172 79
249 2014-11-27 1417077961 2 172 79
250 2014-11-27 1417078930 2 174 81
254 2014-11-27 1417080725 3 176 82
254 2014-11-27 1417081621 3 177 82
257 2014-11-27 1417082472 3 178 83
258 2014-11-27 1417083421 3 179 83
259 2014-11-27 1417084344 3 179 83
259 2014-11-27 1417085166 3 179 85
262 2014-11-27 1417086067 3 180 86
262 2014-11-27 1417086963 3 181 87
266 2014-11-27 1417087935 3 182 88
266 2014-11-27 1417088826 3 182 89
232 2014-11-27 1417089713 3 152 90
158 2014-11-27 1417090508 3 148 90
153 2014-11-27 1417091439 3 148 90
152 2014-11-27 1417092303 3 148 94
152 2014-11-27 1417093205 3 148 103
155 2014-11-27 1417094106 3 149 104
156 2014-11-27 1417095004 3 149 105
153 2014-11-27 1417095903 3 149 105
155 2014-11-27 1417096809 3 150 106
155 2014-11-27 1417097764 3 151 107
155 2014-11-27 1417098604 3 151 108
157 2014-11-27 1417099504 3 151 108
159 2014-11-27 1417100469 4 153 110
173 2014-11-27 1417101304 14 165 123
172 2014-11-27 1417102266 14 165 123
172 2014-11-27 1417103103 14 165 123
173 2014-11-27 1417104067 14 166 124
173 2014-11-27 1417104967 14 166 125
172 2014-11-27 1417105804 14 166 125
173 2014-11-27 1417106706 14 165 125
171 2014-11-27 1417107603 13 163 123
174 2014-11-27 1417108504 13 162 122
97 2014-11-27 1417109404 13 84 74
81 2014-11-27 1417110365 0 69 61
59 2014-11-27 1417111204 1 44 36
56 2014-11-27 1417112121 1 42 35
56 2014-11-27 1417113003 1 42 35
56 2014-11-27 1417113902 1 42 35
56 2014-11-27 1417114866 1 42 35
56 2014-11-27 1417115703 1 42 35
56 2014-11-27 1417116603 1 42 35
57 2014-11-27 1417117503 1 42 35
57 2014-11-27 1417118405 1 42 35
58 2014-11-27 1417119304 1 42 35
58 2014-11-27 1417120268 1 42 35
58 2014-11-27 1417121167 1 42 35
58 2014-11-27 1417122006 1 42 35
58 2014-11-27 1417122967 1 42 35
58 2014-11-27 1417123804 1 42 35
58 2014-11-27 1417124705 1 42 35
58 2014-11-27 1417125604 1 42 35
58 2014-11-27 1417126504 1 42 35
58 2014-11-27 1417127409 1 42 35
59 2014-11-27 1417128305 1 42 35
59 2014-11-27 1417129206 1 42 35
60 2014-11-27 1417130105 1 42 35
59 2014-11-27 1417131009 1 40 33
59 2014-11-27 1417131905 1 40 33
61 2014-11-28 1417132806 1 40 32
63 2014-11-28 1417133705 1 40 32
62 2014-11-28 1417134605 0 40 32
62 2014-11-28 1417135504 0 40 32
62 2014-11-28 1417136405 0 40 32
62 2014-11-28 1417137305 0 40 32
62 2014-11-28 1417138268 0 40 32
62 2014-11-28 1417139105 0 40 32
62 2014-11-28 1417140005 0 40 32
64 2014-11-28 1417140969 0 40 32
64 2014-11-28 1417141873 0 40 32
64 2014-11-28 1417142706 0 40 32
65 2014-11-28 1417143675 0 40 32
65 2014-11-28 1417144506 0 40 32
65 2014-11-28 1417145469 0 40 32
65 2014-11-28 1417146306 0 40 32
65 2014-11-28 1417147207 0 40 32
66 2014-11-28 1417148107 0 40 32
66 2014-11-28 1417149070 0 40 32
66 2014-11-28 1417149970 0 40 32
66 2014-11-28 1417150872 0 40 32
66 2014-11-28 1417151707 0 40 32
66 2014-11-28 1417152606 0 40 32
66 2014-11-28 1417153570 0 40 32
66 2014-11-28 1417154410 0 40 32
66 2014-11-28 1417155314 0 40 32
66 2014-11-28 1417156219 0 40 32
67 2014-11-28 1417157107 0 40 32
67 2014-11-28 1417158011 0 40 32
68 2014-11-28 1417158909 0 40 32
68 2014-11-28 1417159815 0 40 32
68 2014-11-28 1417160709 0 40 32
68 2014-11-28 1417161616 0 40 32
68 2014-11-28 1417162571 0 40 32
69 2014-11-28 1417163476 0 40 32
69 2014-11-28 1417164308 0 40 32
70 2014-11-28 1417165223 0 40 32
73 2014-11-28 1417166110 0 40 32
73 2014-11-28 1417167020 0 40 32
74 2014-11-28 1417167917 0 40 32
75 2014-11-28 1417168819 0 40 32
74 2014-11-28 1417169722 0 38 31
77 2014-11-28 1417170620 0 36 30
77 2014-11-28 1417171580 0 34 28
77 2014-11-28 1417172427 0 34 28
79 2014-11-28 1417173314 0 34 28
78 2014-11-28 1417174216 0 34 28
78 2014-11-28 1417175177 0 34 28
79 2014-11-28 1417176025 0 35 28
79 2014-11-28 1417176915 0 35 28
80 2014-11-28 1417177820 0 35 28
82 2014-11-28 1417178722 0 35 28
82 2014-11-28 1417179624 0 35 28
81 2014-11-28 1417180579 0 36 28
61 2014-11-28 1417181408 0 35 28
59 2014-11-28 1417182305 0 35 28
60 2014-11-28 1417183203 0 35 28
62 2014-11-28 1417184106 0 36 28
62 2014-11-28 1417185013 0 36 28
62 2014-11-28 1417185903 0 36 32
63 2014-11-28 1417186806 0 36 32
77 2014-11-28 1417187704 0 51 46
77 2014-11-28 1417188610 0 51 46
78 2014-11-28 1417189504 1 52 47
78 2014-11-28 1417190404 1 52 47
79 2014-11-28 1417191374 1 52 47
80 2014-11-28 1417192208 1 51 46
81 2014-11-28 1417193148 1 50 45
82 2014-11-28 1417194012 1 50 45
69 2014-11-28 1417194972 1 38 31
65 2014-11-28 1417195812 1 36 29
65 2014-11-28 1417196709 2 38 29
67 2014-11-28 1417197612 2 38 29
67 2014-11-28 1417198516 2 39 29
67 2014-11-28 1417199412 2 39 29
67 2014-11-28 1417200309 2 39 29
68 2014-11-28 1417201213 2 39 29
71 2014-11-28 1417202115 2 39 29
71 2014-11-28 1417203077 2 39 29
71 2014-11-28 1417203914 2 39 29
71 2014-11-28 1417204816 2 39 29
71 2014-11-28 1417205712 2 39 29
72 2014-11-28 1417206617 2 39 29
72 2014-11-28 1417207518 2 39 29
72 2014-11-28 1417208427 2 39 29
74 2014-11-28 1417210217 2 39 29
74 2014-11-28 1417211133 2 39 29
74 2014-11-28 1417212021 2 39 29
74 2014-11-28 1417212921 2 39 29
74 2014-11-28 1417213878 2 39 29
74 2014-11-28 1417214715 2 39 29
75 2014-11-28 1417215631 2 39 29
78 2014-11-28 1417216516 2 39 29
78 2014-11-28 1417217426 2 40 29
78 2014-11-28 1417218317 2 40 29
78 2014-11-29 1417219226 2 42 29
78 2014-11-29 1417220115 2 44 29
78 2014-11-29 1417221017 2 44 29
78 2014-11-29 1417221922 2 44 29
78 2014-11-29 1417222821 2 44 29
78 2014-11-29 1417223777 2 44 29
78 2014-11-29 1417224683 2 44 29
78 2014-11-29 1417225515 2 44 29
78 2014-11-29 1417226427 2 44 29
78 2014-11-29 1417227315 2 44 29
78 2014-11-29 1417228216 2 44 29
78 2014-11-29 1417229158 2 44 29
79 2014-11-29 1417230021 2 44 29
79 2014-11-29 1417230979 2 44 29
79 2014-11-29 1417231879 2 44 29
79 2014-11-29 1417232736 2 44 29
79 2014-11-29 1417233625 2 44 29
80 2014-11-29 1417234533 2 44 29
81 2014-11-29 1417235458 2 44 29
81 2014-11-29 1417236318 2 44 29
81 2014-11-29 1417237279 2 44 29
81 2014-11-29 1417238184 2 44 29
81 2014-11-29 1417239018 2 44 29
81 2014-11-29 1417239917 2 44 29
81 2014-11-29 1417240820 2 44 29
81 2014-11-29 1417241717 2 44 29
81 2014-11-29 1417242618 2 44 29
81 2014-11-29 1417243520 2 44 29
81 2014-11-29 1417244424 2 44 29
84 2014-11-29 1417245323 2 44 29
84 2014-11-29 1417246225 2 44 29
84 2014-11-29 1417247121 2 44 29
84 2014-11-29 1417248025 2 45 29
84 2014-11-29 1417248935 2 45 29
84 2014-11-29 1417249817 2 46 29
84 2014-11-29 1417250720 2 46 29
84 2014-11-29 1417251626 2 46 29
84 2014-11-29 1417252519 2 46 29
85 2014-11-29 1417253427 2 46 29
85 2014-11-29 1417254384 2 47 29
86 2014-11-29 1417255224 2 47 29
86 2014-11-29 1417256141 2 49 29
86 2014-11-29 1417257023 2 53 29
86 2014-11-29 1417257929 2 54 29
86 2014-11-29 1417258823 2 54 29
85 2014-11-29 1417259727 1 52 27
65 2014-11-29 1417260636 1 45 24
59 2014-11-29 1417261507 1 44 24
51 2014-11-29 1417262403 1 44 24
51 2014-11-29 1417263304 0 41 21
50 2014-11-29 1417264207 0 40 20
50 2014-11-29 1417265104 0 40 20
51 2014-11-29 1417266003 0 41 20
52 2014-11-29 1417266904 0 41 20
52 2014-11-29 1417267806 0 42 20
52 2014-11-29 1417268704 0 42 20
54 2014-11-29 1417269603 0 43 20
57 2014-11-29 1417270505 0 44 21
57 2014-11-29 1417271473 0 44 21
59 2014-11-29 1417272307 0 44 21
63 2014-11-29 1417273216 0 47 23
78 2014-11-29 1417274107 1 60 35
78 2014-11-29 1417275069 1 60 35
78 2014-11-29 1417275907 1 60 35
81 2014-11-29 1417276815 1 61 35
81 2014-11-29 1417277713 1 61 35
81 2014-11-29 1417278673 1 62 35
81 2014-11-29 1417279570 1 62 35
82 2014-11-29 1417280414 1 63 35
83 2014-11-29 1417281307 1 63 35
83 2014-11-29 1417282214 1 63 35
83 2014-11-29 1417283111 2 63 35
84 2014-11-29 1417284007 2 64 35
84 2014-11-29 1417284910 2 64 35
84 2014-11-29 1417285809 2 64 35
84 2014-11-29 1417286723 2 64 35
85 2014-11-29 1417287673 2 65 35
85 2014-11-29 1417288511 2 65 35
85 2014-11-29 1417289412 2 65 35
85 2014-11-29 1417290378 2 65 35
86 2014-11-29 1417291208 2 66 35
86 2014-11-29 1417292107 2 66 35
87 2014-11-29 1417293008 2 66 35
88 2014-11-29 1417293908 2 66 35
89 2014-11-29 1417294873 2 67 35
89 2014-11-29 1417295709 2 67 35
89 2014-11-29 1417296615 2 67 35
89 2014-11-29 1417297509 2 67 35
90 2014-11-29 1417298473 2 68 35
90 2014-11-29 1417299312 2 68 35
90 2014-11-29 1417300208 2 68 35
90 2014-11-29 1417301173 2 68 35
91 2014-11-29 1417302037 2 69 35
91 2014-11-29 1417302910 3 69 35
90 2014-11-29 1417303808 3 69 35
91 2014-11-29 1417304772 3 69 35
93 2014-11-30 1417305612 3 70 35
94 2014-11-30 1417306508 4 70 35
94 2014-11-30 1417307413 4 70 35
94 2014-11-30 1417308308 4 70 35
95 2014-11-30 1417309212 4 71 35
96 2014-11-30 1417310173 4 71 35
96 2014-11-30 1417311011 4 71 35
96 2014-11-30 1417311922 4 71 35
98 2014-11-30 1417312812 4 72 35
102 2014-11-30 1417313728 4 72 35
102 2014-11-30 1417314616 4 72 35
102 2014-11-30 1417315512 4 72 35
103 2014-11-30 1417316414 4 73 35
103 2014-11-30 1417317318 4 73 35
103 2014-11-30 1417318221 4 73 35
104 2014-11-30 1417319113 4 73 35
105 2014-11-30 1417320077 4 74 35
106 2014-11-30 1417320912 4 74 35
106 2014-11-30 1417321814 4 74 35
106 2014-11-30 1417322776 4 74 35
107 2014-11-30 1417323676 4 75 35
107 2014-11-30 1417324513 4 75 35
107 2014-11-30 1417325415 4 75 35
107 2014-11-30 1417326377 4 75 35
109 2014-11-30 1417327279 4 76 35
109 2014-11-30 1417328176 4 76 35
109 2014-11-30 1417329012 4 76 35
109 2014-11-30 1417329913 4 76 35
111 2014-11-30 1417330816 4 77 35
112 2014-11-30 1417331720 4 78 35
112 2014-11-30 1417332624 4 78 35
112 2014-11-30 1417333516 4 78 35
113 2014-11-30 1417334423 4 79 35
113 2014-11-30 1417335313 4 79 35
113 2014-11-30 1417336275 4 79 35
114 2014-11-30 1417337179 4 79 35
117 2014-11-30 1417338030 4 80 35
118 2014-11-30 1417338917 4 81 36
118 2014-11-30 1417339819 4 81 36
118 2014-11-30 1417340714 4 81 36
119 2014-11-30 1417341618 4 82 36
119 2014-11-30 1417342515 4 82 36
119 2014-11-30 1417343418 4 82 36
119 2014-11-30 1417344314 5 82 36
121 2014-11-30 1417345218 5 83 36
121 2014-11-30 1417346114 5 84 36
122 2014-11-30 1417347020 5 85 36
123 2014-11-30 1417347919 5 86 36
125 2014-11-30 1417348881 5 87 37
126 2014-11-30 1417349716 5 89 37
126 2014-11-30 1417350621 5 89 37
127 2014-11-30 1417351517 5 89 37
128 2014-11-30 1417352423 5 90 37
129 2014-11-30 1417353321 5 91 38
129 2014-11-30 1417354223 5 91 38
129 2014-11-30 1417355117 5 91 38
130 2014-11-30 1417356036 5 93 39
131 2014-11-30 1417356958 5 96 40
131 2014-11-30 1417357885 5 97 40
132 2014-11-30 1417358723 5 98 40
134 2014-11-30 1417359632 5 101 42
135 2014-11-30 1417360520 7 104 44
135 2014-11-30 1417361483 7 104 44
135 2014-11-30 1417362324 7 104 44
136 2014-11-30 1417363243 7 106 45
136 2014-11-30 1417364122 7 106 45
136 2014-11-30 1417365081 7 106 45
136 2014-11-30 1417365918 7 106 45
137 2014-11-30 1417366836 7 107 46
138 2014-11-30 1417367728 7 107 48
140 2014-11-30 1417369588 7 107 49
143 2014-11-30 1417370424 7 109 51
143 2014-11-30 1417371323 7 112 52
143 2014-11-30 1417372225 7 112 52
143 2014-11-30 1417373118 7 112 52
145 2014-11-30 1417374041 7 113 53
145 2014-11-30 1417374947 7 116 53
146 2014-11-30 1417375826 7 116 53
146 2014-11-30 1417376787 7 116 53
147 2014-11-30 1417377631 7 117 54
147 2014-11-30 1417378583 7 118 54
148 2014-11-30 1417379490 7 118 54
149 2014-11-30 1417380389 7 118 54
131 2014-11-30 1417381276 7 103 55
106 2014-11-30 1417382102 0 96 47
106 2014-11-30 1417383007 0 96 47
110 2014-11-30 1417383902 0 91 42
74 2014-11-30 1417384866 0 53 27
74 2014-11-30 1417385707 0 53 27
74 2014-11-30 1417386603 0 53 27
71 2014-11-30 1417387506 0 48 24
72 2014-11-30 1417388403 0 49 23
69 2014-11-30 1417389304 0 45 19
69 2014-11-30 1417390206 0 45 20
66 2014-11-30 1417391103 0 41 17
68 2014-12-01 1417392003 0 44 19
68 2014-12-01 1417392904 0 45 21
68 2014-12-01 1417393803 0 45 21
68 2014-12-01 1417394767 0 45 21
70 2014-12-01 1417395602 0 47 21
71 2014-12-01 1417397406 0 47 21
69 2014-12-01 1417397442 0 47 21
72 2014-12-01 1417398303 0 47 21
74 2014-12-01 1417399205 0 49 21
74 2014-12-01 1417400104 0 49 21
74 2014-12-01 1417401004 0 49 21
74 2014-12-01 1417401904 0 49 21
76 2014-12-01 1417402815 0 51 21
76 2014-12-01 1417403704 0 51 21
76 2014-12-01 1417404623 0 51 21
76 2014-12-01 1417405505 0 51 21
78 2014-12-01 1417406467 0 53 21
79 2014-12-01 1417407304 0 53 21
79 2014-12-01 1417408204 0 53 21
79 2014-12-01 1417409146 0 53 21
81 2014-12-01 1417410011 0 55 21
81 2014-12-01 1417410904 0 55 21
81 2014-12-01 1417411805 0 55 21
81 2014-12-01 1417412704 0 55 21
83 2014-12-01 1417413669 0 57 21
83 2014-12-01 1417414569 0 57 21
83 2014-12-01 1417415411 0 57 21
83 2014-12-01 1417416304 0 57 21
85 2014-12-01 1417417205 0 59 21
87 2014-12-01 1417418106 0 59 21
88 2014-12-01 1417419011 0 59 21
88 2014-12-01 1417419906 0 59 21
90 2014-12-01 1417420805 0 61 21
90 2014-12-01 1417421769 0 61 21
91 2014-12-01 1417422612 0 61 21
94 2014-12-01 1417423517 0 61 21
98 2014-12-01 1417424414 0 65 22
99 2014-12-01 1417425371 0 65 22
99 2014-12-01 1417426210 0 65 22
99 2014-12-01 1417427113 0 65 22
103 2014-12-01 1417428015 0 67 22
103 2014-12-01 1417428909 0 67 23
103 2014-12-01 1417429811 0 67 26
103 2014-12-01 1417430710 0 67 26
109 2014-12-01 1417431619 0 69 26
112 2014-12-01 1417432517 0 69 26
110 2014-12-01 1417433416 0 63 20
110 2014-12-01 1417434382 0 60 17
84 2014-12-01 1417435232 0 31 14
58 2014-12-01 1417436102 0 28 14
56 2014-12-01 1417437002 0 26 12
54 2014-12-01 1417437902 0 24 12
55 2014-12-01 1417438803 0 24 12
55 2014-12-01 1417439703 0 24 12
56 2014-12-01 1417440604 0 24 12
57 2014-12-01 1417441567 0 24 12
57 2014-12-01 1417442404 0 24 12
60 2014-12-01 1417443310 0 25 13
60 2014-12-01 1417444270 0 25 13
61 2014-12-01 1417445169 0 25 13
64 2014-12-01 1417446010 0 28 16
74 2014-12-01 1417467627 0 27 15
74 2014-12-01 1417468511 0 29 15
74 2014-12-01 1417469415 0 28 14
71 2014-12-01 1417470375 0 33 11
70 2014-12-01 1417471213 0 32 10
71 2014-12-01 1417472110 0 32 10
71 2014-12-01 1417473010 0 32 10
71 2014-12-01 1417473912 0 33 10
71 2014-12-01 1417474812 0 33 10
73 2014-12-01 1417475710 0 31 8
72 2014-12-01 1417476647 0 29 8
71 2014-12-01 1417477511 0 29 8
72 2014-12-02 1417478419 0 30 8
71 2014-12-02 1417479315 0 28 8
72 2014-12-02 1417480219 0 28 8
72 2014-12-02 1417481175 0 28 8
72 2014-12-02 1417482018 0 28 8
72 2014-12-02 1417482915 0 28 8
72 2014-12-02 1417483878 0 28 8
72 2014-12-02 1417484716 0 28 8
72 2014-12-02 1417485616 0 28 8
73 2014-12-02 1417486529 0 28 8
73 2014-12-02 1417487416 0 28 8
73 2014-12-02 1417488376 0 28 8
73 2014-12-02 1417489221 0 28 8
73 2014-12-02 1417490182 0 28 8
73 2014-12-02 1417491015 0 28 8
73 2014-12-02 1417491915 0 28 8
74 2014-12-02 1417492879 0 29 9
75 2014-12-02 1417493729 0 29 9
75 2014-12-02 1417495584 0 29 9
75 2014-12-02 1417496418 0 29 9
76 2014-12-02 1417497314 0 29 9
76 2014-12-02 1417498217 0 29 9
76 2014-12-02 1417499114 0 29 9
76 2014-12-02 1417500022 0 29 9
76 2014-12-02 1417500914 0 29 9
76 2014-12-02 1417501817 0 29 9
77 2014-12-02 1417502714 0 29 9
77 2014-12-02 1417503633 0 29 9
80 2014-12-02 1417504520 0 29 9
80 2014-12-02 1417505446 0 29 9
80 2014-12-02 1417506325 0 29 9
80 2014-12-02 1417507226 0 29 9
80 2014-12-02 1417508120 0 29 9
82 2014-12-02 1417509022 0 29 9
82 2014-12-02 1417509918 0 29 9
84 2014-12-02 1417510841 0 29 9
85 2014-12-02 1417511720 0 30 10
86 2014-12-02 1417512626 0 30 10
86 2014-12-02 1417513523 0 30 10
87 2014-12-02 1417514438 0 30 10
87 2014-12-02 1417515322 0 30 10
88 2014-12-02 1417516231 0 30 10
89 2014-12-02 1417517122 0 30 10
89 2014-12-02 1417518024 0 31 10
90 2014-12-02 1417518925 0 32 11
88 2014-12-02 1417519894 0 36 11
88 2014-12-02 1417520779 0 34 9
91 2014-12-02 1417521696 0 36 9
53 2014-12-02 1417522503 0 34 9
53 2014-12-02 1417523465 0 34 9
49 2014-12-02 1417524302 0 32 8
51 2014-12-02 1417525210 0 33 8
41 2014-12-02 1417526110 0 25 5
41 2014-12-02 1417527002 0 25 5
39 2014-12-02 1417527903 0 24 5
42 2014-12-02 1417528876 0 21 5
44 2014-12-02 1417529723 0 22 5
44 2014-12-02 1417530605 0 22 5
44 2014-12-02 1417531504 0 22 5
47 2014-12-02 1417532406 0 23 6
54 2014-12-02 1417533310 0 28 11
56 2014-12-02 1417534214 0 28 11
56 2014-12-02 1417535107 0 28 11
56 2014-12-02 1417536013 0 23 6
58 2014-12-02 1417536971 0 23 6
59 2014-12-02 1417537816 0 23 6
61 2014-12-02 1417538773 0 23 6
56 2014-12-02 1417539681 0 22 6
58 2014-12-02 1417540512 0 22 6
54 2014-12-02 1417541415 0 19 6
53 2014-12-02 1417542319 0 18 5
56 2014-12-02 1417543219 0 19 6
58 2014-12-02 1417544122 0 19 6
59 2014-12-02 1417545020 0 19 6
60 2014-12-02 1417545981 0 19 6
60 2014-12-02 1417546826 0 19 6
60 2014-12-02 1417547778 0 19 6
60 2014-12-02 1417548677 0 19 6
61 2014-12-02 1417549519 0 19 6
62 2014-12-02 1417550427 0 19 6
62 2014-12-02 1417551323 0 19 6
62 2014-12-02 1417552219 0 19 6
62 2014-12-02 1417553179 0 19 6
62 2014-12-02 1417554085 0 19 6
62 2014-12-02 1417554915 0 19 6
62 2014-12-02 1417555828 0 19 6
62 2014-12-02 1417556716 0 19 6
66 2014-12-02 1417557623 0 20 6
66 2014-12-02 1417558581 0 21 6
66 2014-12-02 1417559421 0 21 6
67 2014-12-02 1417560326 0 21 6
67 2014-12-02 1417561291 0 21 6
67 2014-12-02 1417562144 0 22 6
67 2014-12-02 1417563050 0 22 6
67 2014-12-02 1417563921 0 23 7
68 2014-12-03 1417564830 0 23 7
69 2014-12-03 1417565781 0 23 7
69 2014-12-03 1417566626 0 23 7
69 2014-12-03 1417567523 0 23 7
69 2014-12-03 1417568462 0 23 7
69 2014-12-03 1417569609 0 23 7
69 2014-12-03 1417570385 0 23 7
69 2014-12-03 1417571387 0 23 7
70 2014-12-03 1417572116 0 24 8
70 2014-12-03 1417572963 0 24 8
70 2014-12-03 1417573887 0 24 8
78 2014-12-03 1417575704 0 24 8
78 2014-12-03 1417576921 0 24 8
78 2014-12-03 1417577463 0 24 8
78 2014-12-03 1417578417 0 24 8
78 2014-12-03 1417579294 0 25 8
79 2014-12-03 1417580133 0 25 8
79 2014-12-03 1417581124 0 25 8
80 2014-12-03 1417581984 0 25 8
81 2014-12-03 1417582998 0 25 8
81 2014-12-03 1417583724 0 25 8
81 2014-12-03 1417584630 0 25 8
81 2014-12-03 1417585544 0 25 8
81 2014-12-03 1417586427 0 25 8
81 2014-12-03 1417587331 0 25 8
81 2014-12-03 1417589142 0 25 8
81 2014-12-03 1417590033 0 25 8
82 2014-12-03 1417590927 0 25 8
82 2014-12-03 1417591845 0 25 8
82 2014-12-03 1417592730 0 25 8
82 2014-12-03 1417593634 0 25 8
82 2014-12-03 1417594596 0 25 8
82 2014-12-03 1417595436 0 25 8
82 2014-12-03 1417596326 0 25 8
84 2014-12-03 1417597242 0 25 8
82 2014-12-03 1417598129 0 22 5
85 2014-12-03 1417599099 0 21 4
84 2014-12-03 1417599931 0 19 4
86 2014-12-03 1417600842 0 19 4
85 2014-12-03 1417602638 0 17 3
86 2014-12-03 1417603542 0 17 3
86 2014-12-03 1417604436 0 17 3
86 2014-12-03 1417605341 0 17 3
85 2014-12-03 1417606247 0 16 3
86 2014-12-03 1417607131 0 16 3
88 2014-12-03 1417608048 0 18 3
45 2014-12-03 1417608908 0 19 3
35 2014-12-03 1417609803 0 19 3
37 2014-12-03 1417610702 0 19 3
39 2014-12-03 1417611602 0 20 3
39 2014-12-03 1417612504 0 18 2
40 2014-12-03 1417613405 0 18 2
41 2014-12-03 1417614369 0 19 2
40 2014-12-03 1417615222 0 21 2
39 2014-12-03 1417616167 0 20 2
41 2014-12-03 1417617068 0 20 2
41 2014-12-03 1417617904 0 20 2
43 2014-12-03 1417618872 0 21 2
58 2014-12-03 1417619709 0 23 2
60 2014-12-03 1417620618 0 23 2
61 2014-12-03 1417621516 0 23 2
63 2014-12-03 1417622420 0 24 2
63 2014-12-03 1417623330 0 24 2
65 2014-12-03 1417624218 0 24 2
66 2014-12-03 1417625112 0 24 2
68 2014-12-03 1417626016 0 25 2
71 2014-12-03 1417626913 0 25 2
71 2014-12-03 1417627850 0 25 2
80 2014-12-03 1417628761 0 24 2
68 2014-12-03 1417629626 0 17 2
63 2014-12-03 1417630520 0 14 2
59 2014-12-03 1417631415 0 12 1
59 2014-12-03 1417632379 0 12 1
58 2014-12-03 1417633214 0 14 1
57 2014-12-03 1417634114 0 14 1
57 2014-12-03 1417635020 0 14 1
58 2014-12-03 1417635915 0 14 1
61 2014-12-03 1417636822 0 17 1
62 2014-12-03 1417637727 0 17 1
60 2014-12-03 1417638623 0 16 1
60 2014-12-03 1417639521 0 16 1
63 2014-12-03 1417640477 0 19 2
63 2014-12-03 1417641315 0 19 4
59 2014-12-03 1417642278 0 13 4
57 2014-12-03 1417643117 0 10 4
54 2014-12-03 1417644024 0 10 4
54 2014-12-03 1417644916 0 10 4
54 2014-12-03 1417645825 0 10 4
53 2014-12-03 1417646722 0 9 4
53 2014-12-03 1417647626 0 9 4
53 2014-12-03 1417648519 0 9 4
53 2014-12-03 1417649428 0 9 4
53 2014-12-03 1417650316 0 9 4
54 2014-12-04 1417651279 0 9 4
54 2014-12-04 1417652118 0 9 4
54 2014-12-04 1417653024 0 9 4
54 2014-12-04 1417653922 0 9 4
54 2014-12-04 1417654822 0 9 4
51 2014-12-04 1417656052 0 9 4
54 2014-12-04 1417656623 0 9 4
55 2014-12-04 1417657523 0 9 4
55 2014-12-04 1417658423 0 9 4
55 2014-12-04 1417659387 0 9 4
56 2014-12-04 1417660223 0 9 4
56 2014-12-04 1417661119 0 9 4
56 2014-12-04 1417662027 0 9 4
56 2014-12-04 1417662919 0 9 4
56 2014-12-04 1417663842 0 9 4
56 2014-12-04 1417664739 0 9 4
56 2014-12-04 1417665639 0 9 4
57 2014-12-04 1417666519 0 9 4
57 2014-12-04 1417667432 0 9 4
57 2014-12-04 1417668322 0 9 4
58 2014-12-04 1417669287 0 9 4
58 2014-12-04 1417670142 0 9 4
59 2014-12-04 1417671035 0 9 4
60 2014-12-04 1417672826 0 9 4
60 2014-12-04 1417673722 0 9 4
60 2014-12-04 1417674623 0 9 4
61 2014-12-04 1417675527 0 9 4
61 2014-12-04 1417676423 0 9 4
60 2014-12-04 1417677321 0 9 3
60 2014-12-04 1417678227 0 9 3
59 2014-12-04 1417679123 0 9 3
59 2014-12-04 1417680028 0 9 3
59 2014-12-04 1417680922 0 9 3
59 2014-12-04 1417681896 0 8 2
60 2014-12-04 1417682726 0 8 2
60 2014-12-04 1417683649 0 7 2
61 2014-12-04 1417684521 0 7 2
62 2014-12-04 1417685428 0 8 2
62 2014-12-04 1417686322 0 8 2
63 2014-12-04 1417687226 0 9 2
63 2014-12-04 1417688124 0 10 2
64 2014-12-04 1417689028 0 10 2
64 2014-12-04 1417689988 0 10 2
63 2014-12-04 1417690841 0 7 0
63 2014-12-04 1417691725 0 7 0
64 2014-12-04 1417694442 0 8 0
59 2014-12-04 1417695333 0 7 0
48 2014-12-04 1417696236 0 5 0
24 2014-12-04 1417697102 0 5 0
23 2014-12-04 1417698004 0 6 0
23 2014-12-04 1417698903 0 6 0
19 2014-12-04 1417699804 0 6 0
21 2014-12-04 1417700707 0 6 0
20 2014-12-04 1417701684 0 4 0
22 2014-12-04 1417702504 0 4 0
24 2014-12-04 1417703473 0 4 0
24 2014-12-04 1417704372 0 4 0
27 2014-12-04 1417705270 0 7 1
39 2014-12-04 1417706109 0 8 2
39 2014-12-04 1417707006 0 8 2
41 2014-12-04 1417707940 0 8 2
46 2014-12-04 1417708812 0 8 2
49 2014-12-04 1417709775 0 8 2
51 2014-12-04 1417710617 0 8 2
51 2014-12-04 1417711522 0 8 2
54 2014-12-04 1417712416 0 8 2
57 2014-12-04 1417713316 0 8 2
57 2014-12-04 1417714226 0 8 2
58 2014-12-04 1417715184 0 8 2
62 2014-12-04 1417716029 0 8 2
62 2014-12-04 1417716980 0 8 2
65 2014-12-04 1417717879 0 8 2
65 2014-12-04 1417718719 0 8 2
65 2014-12-04 1417719623 0 8 2
67 2014-12-04 1417720517 0 8 2
68 2014-12-04 1417721486 0 8 2
68 2014-12-04 1417722316 0 8 2
70 2014-12-04 1417723220 0 8 2
70 2014-12-04 1417724121 0 8 2
70 2014-12-04 1417725020 0 8 2
70 2014-12-04 1417725916 0 8 2
72 2014-12-04 1417726887 0 8 2
72 2014-12-04 1417727786 0 8 2
73 2014-12-04 1417728625 0 8 2
73 2014-12-04 1417729534 0 8 2
73 2014-12-04 1417730454 0 8 2
75 2014-12-04 1417731320 0 8 2
75 2014-12-04 1417732292 0 8 2
75 2014-12-04 1417733123 0 8 2
78 2014-12-04 1417734078 0 8 2
78 2014-12-04 1417734920 0 8 3
78 2014-12-04 1417735838 0 8 3
78 2014-12-04 1417736734 0 8 3
80 2014-12-05 1417737656 0 8 3
83 2014-12-05 1417738545 0 8 3
83 2014-12-05 1417739436 0 8 3
83 2014-12-05 1417740327 0 8 3
87 2014-12-05 1417741233 0 8 3
87 2014-12-05 1417742121 0 8 3
88 2014-12-05 1417743085 0 8 3
89 2014-12-05 1417743929 0 8 3
91 2014-12-05 1417744854 0 8 3
91 2014-12-05 1417745726 0 8 3
91 2014-12-05 1417746621 0 8 3
91 2014-12-05 1417747554 0 8 3
93 2014-12-05 1417748424 0 8 3
93 2014-12-05 1417749319 0 8 3
93 2014-12-05 1417750224 0 8 3
93 2014-12-05 1417751144 0 8 3
95 2014-12-05 1417752025 0 8 3
96 2014-12-05 1417752966 0 8 3
96 2014-12-05 1417753830 0 8 3
96 2014-12-05 1417754722 0 8 3
98 2014-12-05 1417755628 0 8 3
98 2014-12-05 1417756518 0 8 3
98 2014-12-05 1417757421 0 8 3
98 2014-12-05 1417758321 0 8 3
100 2014-12-05 1417759235 0 8 3
100 2014-12-05 1417760132 0 8 3
100 2014-12-05 1417761034 0 8 3
100 2014-12-05 1417761922 0 8 3
102 2014-12-05 1417762823 0 8 3
104 2014-12-05 1417763725 0 8 3
104 2014-12-05 1417764626 0 8 3
104 2014-12-05 1417765530 0 8 3
106 2014-12-05 1417766430 0 8 3
106 2014-12-05 1417767324 0 8 3
78 2014-12-05 1417768225 0 9 3
81 2014-12-05 1417769133 0 11 3
83 2014-12-05 1417770031 0 11 3
88 2014-12-05 1417770931 0 11 3
85 2014-12-05 1417771891 0 9 1
83 2014-12-05 1417772726 0 9 1
81 2014-12-05 1417773632 0 9 0
83 2014-12-05 1417774591 0 9 0
84 2014-12-05 1417775435 0 9 0
80 2014-12-05 1417776331 0 6 0
82 2014-12-05 1417777303 0 8 0
84 2014-12-05 1417778133 0 9 0
84 2014-12-05 1417779053 0 9 0
85 2014-12-05 1417779931 0 9 0
83 2014-12-05 1417780839 0 10 0
82 2014-12-05 1417781744 0 9 0
43 2014-12-05 1417782617 0 6 0
30 2014-12-05 1417783565 0 6 0
30 2014-12-05 1417784409 0 7 0
32 2014-12-05 1417785369 0 7 0
32 2014-12-05 1417786208 0 6 0
32 2014-12-05 1417787104 0 6 0
32 2014-12-05 1417788011 0 6 0
33 2014-12-05 1417788908 0 6 0
34 2014-12-05 1417789804 0 6 0
35 2014-12-05 1417790708 0 6 0
35 2014-12-05 1417791613 0 6 0
50 2014-12-05 1417792507 0 10 0
50 2014-12-05 1417793471 0 10 0
51 2014-12-05 1417794307 0 10 0
52 2014-12-05 1417795210 0 10 0
52 2014-12-05 1417796111 0 10 0
52 2014-12-05 1417797006 0 10 0
52 2014-12-05 1417797909 0 10 0
52 2014-12-05 1417798815 0 10 0
52 2014-12-05 1417799706 0 10 0
52 2014-12-05 1417800610 0 10 0
53 2014-12-05 1417801512 0 10 0
56 2014-12-05 1417802408 0 10 0
57 2014-12-05 1417803309 0 10 0
58 2014-12-05 1417804240 0 10 0
58 2014-12-05 1417805108 0 10 0
58 2014-12-05 1417806072 0 10 0
59 2014-12-05 1417806912 0 10 0
59 2014-12-05 1417807880 0 10 0
59 2014-12-05 1417808777 0 10 0
60 2014-12-05 1417809672 0 10 0
61 2014-12-05 1417810510 0 10 0
61 2014-12-05 1417811450 0 10 0
61 2014-12-05 1417812319 0 10 0
61 2014-12-05 1417813223 0 10 0
61 2014-12-05 1417814110 0 10 0
61 2014-12-05 1417815011 0 10 0
61 2014-12-05 1417815948 0 10 0
62 2014-12-05 1417816817 0 10 0
63 2014-12-05 1417817773 0 10 0
63 2014-12-05 1417818674 0 10 0
63 2014-12-05 1417819510 0 10 0
63 2014-12-05 1417820475 0 10 0
63 2014-12-05 1417821310 0 10 0
63 2014-12-05 1417822225 0 10 0
66 2014-12-05 1417823122 0 10 0
66 2014-12-06 1417824018 0 10 0
67 2014-12-06 1417824914 0 10 0
67 2014-12-06 1417825819 0 10 0
67 2014-12-06 1417826724 0 10 0
67 2014-12-06 1417827616 0 10 0
67 2014-12-06 1417828512 0 10 0
67 2014-12-06 1417829454 0 10 0
67 2014-12-06 1417830313 0 10 0
67 2014-12-06 1417831213 0 10 0
67 2014-12-06 1417832111 0 10 0
67 2014-12-06 1417833017 0 10 0
67 2014-12-06 1417833911 0 10 0
67 2014-12-06 1417834815 0 10 0
67 2014-12-06 1417835711 0 10 0
67 2014-12-06 1417836613 0 10 0
67 2014-12-06 1417837514 0 10 0
67 2014-12-06 1417838414 0 10 0
68 2014-12-06 1417839318 0 10 0
68 2014-12-06 1417840214 0 10 0
69 2014-12-06 1417841116 0 10 0
69 2014-12-06 1417842019 0 10 0
69 2014-12-06 1417842975 0 10 0
69 2014-12-06 1417843813 0 10 0
69 2014-12-06 1417844713 0 10 0
69 2014-12-06 1417845624 0 10 0
69 2014-12-06 1417846516 0 10 0
69 2014-12-06 1417847412 0 10 0
70 2014-12-06 1417848314 0 10 0
70 2014-12-06 1417849219 0 10 0
71 2014-12-06 1417851016 0 10 0
71 2014-12-06 1417851917 0 10 0
71 2014-12-06 1417852877 0 10 0
71 2014-12-06 1417853716 0 11 0
64 2014-12-06 1417854618 0 14 0
58 2014-12-06 1417855518 0 14 0
59 2014-12-06 1417856421 0 15 0
59 2014-12-06 1417857377 0 16 0
59 2014-12-06 1417858224 0 17 0
59 2014-12-06 1417859180 0 17 0
60 2014-12-06 1417860031 0 18 0
60 2014-12-06 1417860936 0 19 0
60 2014-12-06 1417861819 0 19 0
61 2014-12-06 1417862723 0 19 0
63 2014-12-06 1417863620 0 20 0
63 2014-12-06 1417864578 0 21 0
63 2014-12-06 1417865419 0 21 0
63 2014-12-06 1417866314 0 21 0
66 2014-12-06 1417867230 0 22 0
67 2014-12-06 1417868117 0 23 0
67 2014-12-06 1417869034 0 25 0
68 2014-12-06 1417869982 0 28 0
69 2014-12-06 1417870828 0 30 0
69 2014-12-06 1417871722 0 30 0
69 2014-12-06 1417872621 0 32 0
69 2014-12-06 1417873519 0 32 0
70 2014-12-06 1417874438 0 34 0
71 2014-12-06 1417875321 0 35 0
71 2014-12-06 1417876221 0 36 0
71 2014-12-06 1417877119 0 37 0
74 2014-12-06 1417878081 0 39 0
85 2014-12-06 1417879842 0 49 3
85 2014-12-06 1417880718 0 49 3
86 2014-12-06 1417881658 0 51 3
86 2014-12-06 1417882516 0 51 3
86 2014-12-06 1417883418 0 51 3
86 2014-12-06 1417884317 0 51 3
87 2014-12-06 1417885219 0 53 3
87 2014-12-06 1417886116 0 53 3
87 2014-12-06 1417887081 0 53 3
88 2014-12-06 1417887935 0 53 3
90 2014-12-06 1417888885 0 55 3
90 2014-12-06 1417889740 0 56 3
90 2014-12-06 1417890683 0 56 3
90 2014-12-06 1417891516 0 57 3
92 2014-12-06 1417892492 0 58 3
92 2014-12-06 1417893317 0 59 3
92 2014-12-06 1417894220 0 59 3
92 2014-12-06 1417895120 0 59 3
93 2014-12-06 1417896025 0 61 3
93 2014-12-06 1417896943 0 61 3
93 2014-12-06 1417897819 0 61 3
93 2014-12-06 1417898720 0 62 3
94 2014-12-06 1417899627 0 63 3
94 2014-12-06 1417900579 0 63 4
94 2014-12-06 1417901419 0 63 4
94 2014-12-06 1417902320 0 63 4
95 2014-12-06 1417903226 0 64 4
95 2014-12-06 1417904121 0 64 5
95 2014-12-06 1417905018 0 64 5
95 2014-12-06 1417905918 0 64 5
77 2014-12-06 1417906826 0 42 5
77 2014-12-06 1417907717 0 43 5
77 2014-12-06 1417908642 0 43 5
77 2014-12-06 1417909516 0 45 5
77 2014-12-07 1417910420 0 45 5
77 2014-12-07 1417911319 0 46 5
77 2014-12-07 1417912219 0 46 5
77 2014-12-07 1417913122 0 46 5
77 2014-12-07 1417914021 0 46 5
77 2014-12-07 1417914920 0 46 5
77 2014-12-07 1417915819 0 46 5
77 2014-12-07 1417916719 0 46 5
77 2014-12-07 1417917624 0 46 5
78 2014-12-07 1417918525 0 46 5
81 2014-12-07 1417919436 0 46 5
81 2014-12-07 1417920320 0 46 5
81 2014-12-07 1417921225 0 46 5
81 2014-12-07 1417922125 0 46 5
81 2014-12-07 1417923020 0 46 5
81 2014-12-07 1417923919 0 46 5
81 2014-12-07 1417924824 0 47 5
83 2014-12-07 1417925736 0 48 5
83 2014-12-07 1417926687 0 48 5
83 2014-12-07 1417927521 0 48 5
83 2014-12-07 1417928434 0 48 5
84 2014-12-07 1417929341 0 48 5
85 2014-12-07 1417930287 0 48 5
85 2014-12-07 1417931137 0 48 5
85 2014-12-07 1417932033 0 48 5
85 2014-12-07 1417932923 0 48 5
85 2014-12-07 1417933834 0 48 5
85 2014-12-07 1417934782 0 49 5
85 2014-12-07 1417935626 0 49 5
88 2014-12-07 1417936587 0 50 5
88 2014-12-07 1417937429 0 50 5
88 2014-12-07 1417938387 0 50 5
88 2014-12-07 1417939233 0 50 5
89 2014-12-07 1417940125 0 50 6
89 2014-12-07 1417941046 0 51 6
89 2014-12-07 1417941942 0 52 6
89 2014-12-07 1417942892 0 52 6
91 2014-12-07 1417943723 0 52 6
93 2014-12-07 1417944630 0 52 6
94 2014-12-07 1417945552 0 50 5
94 2014-12-07 1417946438 0 50 5
94 2014-12-07 1417947326 0 50 5
94 2014-12-07 1417948291 0 50 5
94 2014-12-07 1417949124 0 51 5
90 2014-12-07 1417950031 0 50 5
90 2014-12-07 1417950925 0 50 5
90 2014-12-07 1417951824 0 50 5
90 2014-12-07 1417952731 0 50 5
92 2014-12-07 1417953691 0 53 6
93 2014-12-07 1417954532 0 53 6
93 2014-12-07 1417955430 0 53 6
93 2014-12-07 1417956322 0 54 6
94 2014-12-07 1417957232 0 55 6
94 2014-12-07 1417958190 0 56 6
94 2014-12-07 1417959036 0 56 6
94 2014-12-07 1417959988 0 56 6
95 2014-12-07 1417960886 0 57 6
96 2014-12-07 1417961724 0 60 6
96 2014-12-07 1417962628 0 63 6
96 2014-12-07 1417963527 0 63 6
99 2014-12-07 1417964431 0 64 6
106 2014-12-07 1417965330 0 68 7
106 2014-12-07 1417966231 0 68 7
107 2014-12-07 1417967191 0 68 7
112 2014-12-07 1417968094 0 69 7
112 2014-12-07 1417968940 0 69 7
112 2014-12-07 1417969828 0 69 7
112 2014-12-07 1417970728 0 69 7
113 2014-12-07 1417971694 0 70 7
112 2014-12-07 1417972591 0 68 5
109 2014-12-07 1417974328 0 61 5
109 2014-12-07 1417975232 0 61 5
109 2014-12-07 1417976127 0 61 5
109 2014-12-07 1417977033 0 61 5
106 2014-12-07 1417977992 0 61 5
107 2014-12-07 1417978834 0 62 5
105 2014-12-07 1417979727 0 58 5
106 2014-12-07 1417980636 0 58 5
99 2014-12-07 1417981530 0 55 5
100 2014-12-07 1417982439 0 54 5
101 2014-12-07 1417983332 0 55 5
102 2014-12-07 1417984238 0 55 5
104 2014-12-07 1417985140 0 55 5
104 2014-12-07 1417986093 0 56 5
104 2014-12-07 1417986985 0 56 5
108 2014-12-07 1417987857 0 56 5
108 2014-12-07 1417988739 0 56 5
108 2014-12-07 1417989640 0 56 5
108 2014-12-07 1417990537 0 56 5
109 2014-12-07 1417991443 0 56 5
109 2014-12-07 1417992333 0 56 5
109 2014-12-07 1417993323 0 57 5
109 2014-12-07 1417994197 0 57 5
109 2014-12-07 1417995107 0 57 5
110 2014-12-07 1417995935 0 57 5
110 2014-12-08 1417996840 0 57 5
110 2014-12-08 1417997765 0 57 5
110 2014-12-08 1417998724 0 57 5
110 2014-12-08 1417999536 0 57 5
110 2014-12-08 1418000442 0 57 5
110 2014-12-08 1418001345 0 58 5
110 2014-12-08 1418002246 0 58 5
110 2014-12-08 1418003135 0 58 5
111 2014-12-08 1418004045 0 58 5
111 2014-12-08 1418005907 0 61 5
111 2014-12-08 1418006797 0 61 5
111 2014-12-08 1418007652 0 61 5
112 2014-12-08 1418008538 0 61 5
112 2014-12-08 1418009513 0 62 5
112 2014-12-08 1418010347 0 62 5
112 2014-12-08 1418011243 0 62 5
113 2014-12-08 1418012142 0 64 5
113 2014-12-08 1418013049 0 64 5
113 2014-12-08 1418014007 0 64 5
113 2014-12-08 1418014844 0 64 5
114 2014-12-08 1418015747 0 64 5
114 2014-12-08 1418016644 0 65 5
114 2014-12-08 1418017544 0 65 5
114 2014-12-08 1418018447 0 65 5
114 2014-12-08 1418019353 0 65 5
114 2014-12-08 1418020245 0 65 5
114 2014-12-08 1418021137 0 65 5
115 2014-12-08 1418022046 0 65 5
116 2014-12-08 1418022977 0 67 5
116 2014-12-08 1418023848 0 67 5
116 2014-12-08 1418024798 0 67 5
117 2014-12-08 1418025645 0 67 5
117 2014-12-08 1418026601 0 68 6
118 2014-12-08 1418027506 0 68 10
118 2014-12-08 1418028409 0 68 10
121 2014-12-08 1418029250 0 72 10
123 2014-12-08 1418030213 0 74 11
125 2014-12-08 1418031075 0 74 11
128 2014-12-08 1418031982 0 77 11
128 2014-12-08 1418032929 0 77 11
129 2014-12-08 1418033739 0 77 12
132 2014-12-08 1418034651 0 77 13
130 2014-12-08 1418035542 0 75 12
131 2014-12-08 1418036508 0 75 12
130 2014-12-08 1418037339 0 75 12
130 2014-12-08 1418038254 0 75 12
131 2014-12-08 1418039159 0 74 11
134 2014-12-08 1418040058 0 72 10
134 2014-12-08 1418040952 0 72 9
133 2014-12-08 1418041911 0 72 10
134 2014-12-08 1418042748 0 71 11
125 2014-12-08 1418043652 0 63 10
113 2014-12-08 1418044600 0 53 10
71 2014-12-08 1418045428 0 24 10
58 2014-12-08 1418046303 0 22 10
58 2014-12-08 1418047266 0 22 10
58 2014-12-08 1418048109 0 22 10
59 2014-12-08 1418049002 0 22 10
60 2014-12-08 1418049944 0 22 10
63 2014-12-08 1418050804 0 23 10
57 2014-12-08 1418051702 0 22 11
58 2014-12-08 1418052612 0 22 11
59 2014-12-08 1418053504 0 22 11
60 2014-12-08 1418054405 0 22 11
61 2014-12-08 1418055308 0 22 11
61 2014-12-08 1418056206 0 22 11
62 2014-12-08 1418057105 0 22 11
62 2014-12-08 1418058014 0 22 11
65 2014-12-08 1418058907 0 23 11
66 2014-12-08 1418059872 0 26 11
66 2014-12-08 1418060709 0 26 11
68 2014-12-08 1418061612 0 26 11
69 2014-12-08 1418062514 0 26 11
69 2014-12-08 1418063419 0 26 11
69 2014-12-08 1418064310 0 26 11
69 2014-12-08 1418065213 0 26 11
69 2014-12-08 1418066111 0 26 11
69 2014-12-08 1418067012 0 26 11
69 2014-12-08 1418067912 0 26 11
70 2014-12-08 1418068843 0 26 11
70 2014-12-08 1418069756 0 27 11
70 2014-12-08 1418070618 0 27 11
71 2014-12-08 1418071512 0 27 11
72 2014-12-08 1418073314 0 27 11
72 2014-12-08 1418074216 0 27 11
72 2014-12-08 1418075142 0 27 11
72 2014-12-08 1418076016 0 27 11
73 2014-12-08 1418076914 0 27 11
73 2014-12-08 1418077819 0 27 11
74 2014-12-08 1418078780 0 27 11
74 2014-12-08 1418079615 0 27 11
74 2014-12-08 1418080513 0 27 11
75 2014-12-08 1418081419 0 27 11
75 2014-12-08 1418082394 0 27 11
76 2014-12-09 1418083228 0 27 11
78 2014-12-09 1418084122 0 27 11
78 2014-12-09 1418085020 0 27 11
78 2014-12-09 1418085919 0 27 11
78 2014-12-09 1418086821 0 27 11
79 2014-12-09 1418087716 0 27 11
79 2014-12-09 1418088620 0 27 11
79 2014-12-09 1418089514 0 27 11
79 2014-12-09 1418090417 0 27 11
79 2014-12-09 1418091315 0 27 11
79 2014-12-09 1418092216 0 27 11
79 2014-12-09 1418093185 0 27 11
79 2014-12-09 1418094078 0 27 11
79 2014-12-09 1418094915 0 27 11
80 2014-12-09 1418095879 0 27 11
80 2014-12-09 1418096725 0 27 11
80 2014-12-09 1418097623 0 27 11
81 2014-12-09 1418098580 0 27 11
82 2014-12-09 1418099480 0 27 11
82 2014-12-09 1418100317 0 27 11
83 2014-12-09 1418101223 0 27 11
90 2014-12-09 1418102117 0 27 11
90 2014-12-09 1418103025 0 27 11
89 2014-12-09 1418103916 0 25 9
90 2014-12-09 1418104825 0 24 8
90 2014-12-09 1418105795 0 24 8
90 2014-12-09 1418106618 0 24 8
90 2014-12-09 1418107520 0 24 8
90 2014-12-09 1418108416 0 25 8
92 2014-12-09 1418109318 0 26 8
92 2014-12-09 1418110226 0 26 8
93 2014-12-09 1418111182 0 26 8
93 2014-12-09 1418112035 0 26 8
93 2014-12-09 1418112985 0 26 8
93 2014-12-09 1418113884 0 26 8
93 2014-12-09 1418114724 0 27 9
93 2014-12-09 1418115686 0 27 9
95 2014-12-09 1418116584 0 28 9
95 2014-12-09 1418117509 0 28 9
96 2014-12-09 1418118318 0 30 9
96 2014-12-09 1418119223 0 30 9
94 2014-12-09 1418121093 0 31 8
89 2014-12-09 1418121925 0 28 8
82 2014-12-09 1418122826 0 28 8
81 2014-12-09 1418123722 0 26 8
81 2014-12-09 1418124630 0 26 8
82 2014-12-09 1418125541 0 24 6
82 2014-12-09 1418126434 0 24 6
83 2014-12-09 1418127325 0 25 6
83 2014-12-09 1418128228 0 24 5
82 2014-12-09 1418129188 0 22 5
83 2014-12-09 1418130035 0 23 5
84 2014-12-09 1418130929 0 21 4
51 2014-12-09 1418131813 0 20 4
43 2014-12-09 1418132745 0 22 4
40 2014-12-09 1418133603 0 23 4
41 2014-12-09 1418134502 0 24 5
35 2014-12-09 1418135466 0 22 5
36 2014-12-09 1418136305 0 22 5
36 2014-12-09 1418137203 0 21 4
48 2014-12-09 1418138168 0 22 5
49 2014-12-09 1418139009 0 22 5
49 2014-12-09 1418139970 0 22 5
53 2014-12-09 1418140810 0 24 5
53 2014-12-09 1418141772 0 24 5
53 2014-12-09 1418142671 0 24 5
52 2014-12-09 1418143507 0 23 3
54 2014-12-09 1418144406 0 25 3
54 2014-12-09 1418145368 0 25 3
55 2014-12-09 1418146273 0 25 3
56 2014-12-09 1418147113 0 25 3
60 2014-12-09 1418148018 0 27 3
60 2014-12-09 1418148907 0 27 3
62 2014-12-09 1418149811 0 27 3
62 2014-12-09 1418150712 0 27 3
64 2014-12-09 1418151612 0 29 3
65 2014-12-09 1418152512 0 29 3
66 2014-12-09 1418153414 0 29 3
66 2014-12-09 1418154376 0 29 3
69 2014-12-09 1418155215 0 31 3
68 2014-12-09 1418156116 0 30 3
69 2014-12-09 1418157014 0 28 3
58 2014-12-09 1418157910 0 16 3
56 2014-12-09 1418158877 0 15 3
55 2014-12-09 1418160611 0 14 3
57 2014-12-09 1418161528 0 14 3
57 2014-12-09 1418162415 0 14 3
57 2014-12-09 1418163311 0 14 3
57 2014-12-09 1418164215 0 14 3
57 2014-12-09 1418165113 0 14 3
57 2014-12-09 1418166074 0 14 3
57 2014-12-09 1418166913 0 14 3
57 2014-12-09 1418167812 0 14 3
57 2014-12-09 1418168721 0 14 3
57 2014-12-10 1418169615 0 14 3
57 2014-12-10 1418170511 0 14 3
57 2014-12-10 1418171411 0 14 3
57 2014-12-10 1418172376 0 14 3
59 2014-12-10 1418173277 0 14 3
59 2014-12-10 1418174111 0 14 3
60 2014-12-10 1418175015 0 14 3
61 2014-12-10 1418175975 0 14 3
61 2014-12-10 1418176818 0 14 3
62 2014-12-10 1418177719 0 14 3
62 2014-12-10 1418178676 0 14 3
62 2014-12-10 1418179513 0 14 3
62 2014-12-10 1418180415 0 14 3
62 2014-12-10 1418181316 0 14 3
62 2014-12-10 1418182278 0 14 3
62 2014-12-10 1418183118 0 14 3
62 2014-12-10 1418184077 0 14 3
62 2014-12-10 1418184917 0 14 3
63 2014-12-10 1418185878 0 14 3
63 2014-12-10 1418186716 0 14 3
63 2014-12-10 1418187638 0 14 3
63 2014-12-10 1418188514 0 14 3
63 2014-12-10 1418189430 0 14 3
63 2014-12-10 1418190375 0 15 3
63 2014-12-10 1418191215 0 15 3
63 2014-12-10 1418192116 0 15 3
63 2014-12-10 1418193016 0 15 3
64 2014-12-10 1418193923 0 15 3
64 2014-12-10 1418194820 0 15 3
65 2014-12-10 1418195715 0 15 3
65 2014-12-10 1418196618 0 15 3
65 2014-12-10 1418197555 0 15 3
68 2014-12-10 1418198423 0 15 3
74 2014-12-10 1418199319 0 15 3
78 2014-12-10 1418200277 0 15 3
77 2014-12-10 1418201117 0 14 3
81 2014-12-10 1418202017 0 14 3
82 2014-12-10 1418202913 0 14 4
86 2014-12-10 1418203820 0 14 4
81 2014-12-10 1418204715 0 14 5
85 2014-12-10 1418205682 0 14 5
85 2014-12-10 1418206515 0 14 5
86 2014-12-10 1418207418 0 14 5
87 2014-12-10 1418208316 0 14 5
88 2014-12-10 1418209225 0 15 5
91 2014-12-10 1418210120 0 14 5
90 2014-12-10 1418211046 0 14 4
91 2014-12-10 1418211988 0 13 3
93 2014-12-10 1418212887 0 14 3
94 2014-12-10 1418213757 0 13 3
91 2014-12-10 1418214626 0 11 3
91 2014-12-10 1418215526 0 11 3
93 2014-12-10 1418216428 0 12 3
89 2014-12-10 1418217320 0 11 2
87 2014-12-10 1418218226 0 13 2
70 2014-12-10 1418219122 0 13 2
51 2014-12-10 1418220902 0 13 2
53 2014-12-10 1418221804 0 13 2
54 2014-12-10 1418222704 0 13 2
53 2014-12-10 1418223605 0 14 2
56 2014-12-10 1418224503 0 17 2
59 2014-12-10 1418225480 0 17 2
60 2014-12-10 1418226368 0 17 2
61 2014-12-10 1418227208 0 17 2
63 2014-12-10 1418228172 0 17 2
65 2014-12-10 1418229015 0 17 2
67 2014-12-10 1418229908 0 17 2
67 2014-12-10 1418230814 0 17 2
69 2014-12-10 1418231711 0 16 1
73 2014-12-10 1418232620 0 16 3
73 2014-12-10 1418233515 0 16 3
76 2014-12-10 1418234419 0 16 3
76 2014-12-10 1418235313 0 16 3
78 2014-12-10 1418236281 0 16 3
78 2014-12-10 1418237179 0 16 3
78 2014-12-10 1418238018 0 16 3
79 2014-12-10 1418238982 0 16 3
79 2014-12-10 1418239820 0 16 3
80 2014-12-10 1418240779 0 16 3
80 2014-12-10 1418241624 0 16 3
80 2014-12-10 1418242517 0 16 4
81 2014-12-10 1418243420 0 19 4
81 2014-12-10 1418244320 0 19 4
81 2014-12-10 1418245221 0 19 4
81 2014-12-10 1418246115 0 19 4
81 2014-12-10 1418247018 0 20 4
81 2014-12-10 1418247916 0 20 4
81 2014-12-10 1418248880 0 20 4
81 2014-12-10 1418249720 0 20 4
81 2014-12-10 1418250616 0 20 4
85 2014-12-10 1418251583 0 20 4
85 2014-12-10 1418252480 0 20 4
85 2014-12-10 1418253324 0 20 4
85 2014-12-10 1418254222 0 20 4
85 2014-12-10 1418255122 0 20 4
85 2014-12-11 1418256082 0 20 4
85 2014-12-11 1418256917 0 20 4
85 2014-12-11 1418257821 0 20 4
87 2014-12-11 1418258729 0 20 4
87 2014-12-11 1418259628 0 20 4
88 2014-12-11 1418260584 0 20 4
88 2014-12-11 1418261464 0 20 4
88 2014-12-11 1418262318 0 20 4
88 2014-12-11 1418263227 0 20 4
88 2014-12-11 1418264122 0 20 4
88 2014-12-11 1418265022 0 20 4
88 2014-12-11 1418265920 0 20 4
88 2014-12-11 1418266823 0 20 4
88 2014-12-11 1418267722 0 20 4
88 2014-12-11 1418268630 0 20 4
88 2014-12-11 1418269519 0 20 4
89 2014-12-11 1418270482 0 20 4
89 2014-12-11 1418271319 0 20 4
90 2014-12-11 1418272221 0 20 4
90 2014-12-11 1418273121 0 20 4
96 2014-12-11 1418274035 0 20 4
96 2014-12-11 1418274952 0 20 4
96 2014-12-11 1418276720 0 20 4
96 2014-12-11 1418277635 0 20 4
96 2014-12-11 1418278532 0 20 4
96 2014-12-11 1418279429 0 20 4
96 2014-12-11 1418280329 0 20 4
96 2014-12-11 1418281231 0 20 5
98 2014-12-11 1418282123 0 20 5
88 2014-12-11 1418283028 0 18 4
84 2014-12-11 1418283923 0 18 4
88 2014-12-11 1418284831 0 21 4
88 2014-12-11 1418285723 0 23 4
89 2014-12-11 1418286634 0 23 4
88 2014-12-11 1418287526 0 21 4
86 2014-12-11 1418288429 0 22 4
86 2014-12-11 1418289326 0 21 4
86 2014-12-11 1418290296 0 21 4
88 2014-12-11 1418291125 0 21 5
91 2014-12-11 1418292033 0 23 5
90 2014-12-11 1418292995 0 24 5
89 2014-12-11 1418293835 0 21 5
90 2014-12-11 1418294728 0 22 5
91 2014-12-11 1418295691 0 22 5
92 2014-12-11 1418296593 0 22 5
92 2014-12-11 1418297503 0 20 3
92 2014-12-11 1418298332 0 22 3
90 2014-12-11 1418299304 0 20 1
91 2014-12-11 1418300128 0 21 1
83 2014-12-11 1418301040 0 20 0
47 2014-12-11 1418301968 0 19 0
47 2014-12-11 1418302868 0 20 0
41 2014-12-11 1418303707 0 19 0
41 2014-12-11 1418304605 0 19 0
42 2014-12-11 1418305510 0 20 0
44 2014-12-11 1418306409 0 20 0
47 2014-12-11 1418307307 0 21 0
49 2014-12-11 1418308213 0 21 0
50 2014-12-11 1418309115 0 21 0
51 2014-12-11 1418310074 0 22 1
69 2014-12-11 1418310911 0 26 2
69 2014-12-11 1418311812 0 26 2
70 2014-12-11 1418312712 0 26 2
70 2014-12-11 1418313610 0 26 2
71 2014-12-11 1418314572 0 26 2
72 2014-12-11 1418315415 0 26 2
73 2014-12-11 1418316312 0 26 2
74 2014-12-11 1418317278 0 26 2
74 2014-12-11 1418318117 0 26 2
74 2014-12-11 1418319076 0 26 2
75 2014-12-11 1418319914 0 26 2
79 2014-12-11 1418320821 0 26 2
82 2014-12-11 1418321714 0 26 2
82 2014-12-11 1418322616 0 26 2
82 2014-12-11 1418323513 0 26 2
82 2014-12-11 1418324425 0 26 2
83 2014-12-11 1418325319 0 26 2
83 2014-12-11 1418326214 0 26 2
83 2014-12-11 1418327179 0 26 2
84 2014-12-11 1418328023 0 26 2
86 2014-12-11 1418328979 0 26 2
86 2014-12-11 1418329881 0 26 2
88 2014-12-11 1418330720 0 26 2
90 2014-12-11 1418331622 0 26 2
91 2014-12-11 1418332565 0 26 2
91 2014-12-11 1418333421 0 26 2
91 2014-12-11 1418334317 0 26 2
93 2014-12-11 1418335229 0 26 2
93 2014-12-11 1418336188 0 26 2
93 2014-12-11 1418337067 0 26 2
93 2014-12-11 1418337921 0 26 2
94 2014-12-11 1418338826 0 26 2
94 2014-12-11 1418339721 0 26 2
94 2014-12-11 1418340621 0 26 2
94 2014-12-11 1418341525 0 26 2
94 2014-12-12 1418342483 0 26 2
94 2014-12-12 1418343321 0 26 2
94 2014-12-12 1418344223 0 26 2
94 2014-12-12 1418345128 0 26 2
94 2014-12-12 1418346040 0 26 2
94 2014-12-12 1418346920 0 26 2
94 2014-12-12 1418347821 0 26 2
94 2014-12-12 1418348723 0 26 2
94 2014-12-12 1418349684 0 26 2
94 2014-12-12 1418350530 0 26 2
95 2014-12-12 1418351422 0 26 2
95 2014-12-12 1418352323 0 26 2
95 2014-12-12 1418353286 0 26 2
95 2014-12-12 1418354186 0 26 2
95 2014-12-12 1418355082 0 26 2
95 2014-12-12 1418355917 0 26 2
95 2014-12-12 1418356825 0 26 2
95 2014-12-12 1418357722 0 26 2
96 2014-12-12 1418358683 0 26 2
96 2014-12-12 1418359520 0 26 2
96 2014-12-12 1418360425 0 26 2
96 2014-12-12 1418361330 0 26 2
96 2014-12-12 1418362223 0 26 2
96 2014-12-12 1418363126 0 26 2
96 2014-12-12 1418364023 0 26 2
97 2014-12-12 1418364918 0 26 2
97 2014-12-12 1418365821 0 26 2
97 2014-12-12 1418366720 0 26 2
97 2014-12-12 1418367695 0 26 2
97 2014-12-12 1418368585 0 25 1
93 2014-12-12 1418369431 0 22 1
97 2014-12-12 1418370383 0 21 0
96 2014-12-12 1418371228 0 21 0
96 2014-12-12 1418372122 0 20 0
85 2014-12-12 1418373018 0 21 0
65 2014-12-12 1418373909 0 21 0
65 2014-12-12 1418374806 0 22 0
65 2014-12-12 1418375767 0 22 0
68 2014-12-12 1418376668 0 23 0
68 2014-12-12 1418377505 0 25 0
69 2014-12-12 1418378406 0 27 0
70 2014-12-12 1418379311 0 27 0
70 2014-12-12 1418380209 0 29 0
71 2014-12-12 1418381122 0 29 0
71 2014-12-12 1418382071 0 31 0
73 2014-12-12 1418382912 0 31 0
74 2014-12-12 1418383813 0 32 0
74 2014-12-12 1418384708 0 32 0
75 2014-12-12 1418385675 0 32 0
76 2014-12-12 1418386511 0 32 0
79 2014-12-12 1418387415 0 32 0
79 2014-12-12 1418388312 0 33 0
79 2014-12-12 1418389217 0 33 0
83 2014-12-12 1418390116 0 34 0
83 2014-12-12 1418391015 0 34 1
83 2014-12-12 1418391918 0 34 1
83 2014-12-12 1418392819 0 34 1
85 2014-12-12 1418393714 0 36 2
85 2014-12-12 1418394681 0 36 2
85 2014-12-12 1418395517 0 36 2
85 2014-12-12 1418396422 0 36 3
95 2014-12-12 1418397316 0 44 3
95 2014-12-12 1418398221 0 44 3
96 2014-12-12 1418399119 0 44 3
96 2014-12-12 1418400021 0 44 3
98 2014-12-12 1418400920 0 44 3
103 2014-12-12 1418401885 0 44 3
103 2014-12-12 1418402784 0 44 3
103 2014-12-12 1418403623 0 44 3
105 2014-12-12 1418404520 0 44 3
106 2014-12-12 1418405432 0 44 3
107 2014-12-12 1418406319 0 44 3
109 2014-12-12 1418407229 0 46 3
110 2014-12-12 1418408118 0 46 3
110 2014-12-12 1418409024 0 46 3
111 2014-12-12 1418409989 0 46 3
111 2014-12-12 1418410884 0 46 3
111 2014-12-12 1418411785 0 46 3
111 2014-12-12 1418412690 0 46 3
111 2014-12-12 1418413586 0 46 3
111 2014-12-12 1418414490 0 47 3
112 2014-12-12 1418415321 0 47 3
112 2014-12-12 1418416227 0 47 6
112 2014-12-12 1418417130 0 47 6
112 2014-12-12 1418418030 0 47 6
112 2014-12-12 1418418963 0 47 6
94 2014-12-12 1418420271 0 47 7
113 2014-12-12 1418420724 0 47 7
113 2014-12-12 1418421625 0 47 7
115 2014-12-12 1418422588 0 47 7
116 2014-12-12 1418423486 0 47 7
116 2014-12-12 1418424321 0 47 7
116 2014-12-12 1418425231 0 47 7
116 2014-12-12 1418426122 0 47 7
116 2014-12-12 1418427029 0 47 7
116 2014-12-12 1418427937 0 47 7
117 2014-12-13 1418428884 0 47 7
119 2014-12-13 1418429787 0 47 7
119 2014-12-13 1418430631 0 47 7
120 2014-12-13 1418431526 0 47 7
120 2014-12-13 1418432503 0 47 7
120 2014-12-13 1418433326 0 47 7
120 2014-12-13 1418434293 0 47 7
120 2014-12-13 1418435122 0 47 7
120 2014-12-13 1418436031 0 47 7
120 2014-12-13 1418436925 0 47 7
120 2014-12-13 1418437835 0 47 7
120 2014-12-13 1418438724 0 47 7
120 2014-12-13 1418439626 0 47 7
120 2014-12-13 1418440527 0 47 7
120 2014-12-13 1418441434 0 47 7
120 2014-12-13 1418442392 0 47 7
120 2014-12-13 1418443228 0 47 7
120 2014-12-13 1418444126 0 47 7
121 2014-12-13 1418445041 0 48 7
122 2014-12-13 1418445929 0 48 7
122 2014-12-13 1418446843 0 48 7
122 2014-12-13 1418447723 0 48 7
122 2014-12-13 1418448631 0 48 7
122 2014-12-13 1418449530 0 48 7
122 2014-12-13 1418450488 0 48 7
122 2014-12-13 1418451386 0 49 7
122 2014-12-13 1418452231 0 49 7
123 2014-12-13 1418453135 0 49 7
123 2014-12-13 1418454035 0 49 7
124 2014-12-13 1418454930 0 49 7
124 2014-12-13 1418455827 0 54 7
124 2014-12-13 1418456733 0 62 7
124 2014-12-13 1418457635 0 62 9
124 2014-12-13 1418458527 0 64 10
124 2014-12-13 1418459429 0 65 10
124 2014-12-13 1418460397 0 67 10
125 2014-12-13 1418461237 0 67 10
125 2014-12-13 1418462132 0 68 11
125 2014-12-13 1418463050 0 69 11
125 2014-12-13 1418463928 0 69 11
125 2014-12-13 1418464834 0 70 12
125 2014-12-13 1418465727 0 71 12
125 2014-12-13 1418466627 0 72 12
125 2014-12-13 1418467556 0 73 13
125 2014-12-13 1418468429 0 73 13
126 2014-12-13 1418469329 0 73 13
126 2014-12-13 1418470242 0 74 13
126 2014-12-13 1418471139 0 74 14
126 2014-12-13 1418472039 0 74 14
126 2014-12-13 1418472929 0 77 15
126 2014-12-13 1418473846 0 80 15
127 2014-12-13 1418474729 0 81 15
127 2014-12-13 1418475637 0 82 15
131 2014-12-13 1418476592 0 84 15
131 2014-12-13 1418477432 0 84 15
131 2014-12-13 1418478328 0 84 16
131 2014-12-13 1418479268 0 84 16
132 2014-12-13 1418480128 0 87 17
132 2014-12-13 1418481094 0 87 17
132 2014-12-13 1418481936 0 87 17
132 2014-12-13 1418482842 0 87 17
153 2014-12-13 1418483826 0 97 21
153 2014-12-13 1418484696 0 98 21
153 2014-12-13 1418485545 0 99 21
153 2014-12-13 1418486443 0 99 21
153 2014-12-13 1418487408 0 103 21
153 2014-12-13 1418488234 0 106 21
154 2014-12-13 1418489137 0 107 21
154 2014-12-13 1418490040 0 107 21
114 2014-12-13 1418491245 0 91 21
155 2014-12-13 1418491832 0 109 21
155 2014-12-13 1418492734 0 110 21
157 2014-12-13 1418493640 0 112 21
157 2014-12-13 1418494539 0 114 21
157 2014-12-13 1418495432 0 114 21
158 2014-12-13 1418496333 0 114 21
159 2014-12-13 1418497238 0 115 21
159 2014-12-13 1418498136 0 115 21
160 2014-12-13 1418499034 0 115 21
160 2014-12-13 1418499994 0 115 21
160 2014-12-13 1418500899 0 116 21
161 2014-12-13 1418501733 0 116 21
163 2014-12-13 1418502639 0 116 21
165 2014-12-13 1418503536 0 116 21
169 2014-12-13 1418504438 0 116 21
169 2014-12-13 1418505331 0 116 21
113 2014-12-13 1418506669 0 87 21
177 2014-12-13 1418507147 0 117 21
183 2014-12-13 1418508053 0 117 21
184 2014-12-13 1418508949 0 117 21
184 2014-12-13 1418509846 0 119 21
184 2014-12-13 1418510745 0 119 21
184 2014-12-13 1418511705 0 119 21
184 2014-12-13 1418512553 0 119 21
184 2014-12-13 1418513497 0 119 21
184 2014-12-13 1418514343 0 119 21
184 2014-12-14 1418515251 0 120 21
184 2014-12-14 1418516148 0 121 21
184 2014-12-14 1418517050 0 121 21
184 2014-12-14 1418517949 0 121 21
184 2014-12-14 1418518841 0 121 21
184 2014-12-14 1418519739 0 121 21
184 2014-12-14 1418520647 0 121 21
184 2014-12-14 1418521551 0 121 21
187 2014-12-14 1418522464 0 121 21
187 2014-12-14 1418523359 0 121 21
187 2014-12-14 1418524252 0 121 21
187 2014-12-14 1418525212 0 121 21
187 2014-12-14 1418526051 0 121 21
187 2014-12-14 1418526947 0 121 21
187 2014-12-14 1418527865 0 121 21
187 2014-12-14 1418528739 0 121 21
182 2014-12-14 1418529980 0 121 21
189 2014-12-14 1418530546 0 121 21
189 2014-12-14 1418531453 0 123 21
189 2014-12-14 1418532359 0 123 21
189 2014-12-14 1418533264 0 123 21
189 2014-12-14 1418534148 0 123 21
189 2014-12-14 1418535052 0 123 21
189 2014-12-14 1418535947 0 123 21
189 2014-12-14 1418536918 0 123 21
189 2014-12-14 1418537741 0 123 21
190 2014-12-14 1418538640 0 123 21
190 2014-12-14 1418539546 0 124 21
190 2014-12-14 1418540449 0 124 21
191 2014-12-14 1418541346 0 125 21
191 2014-12-14 1418542264 0 125 21
194 2014-12-14 1418550343 0 126 26
195 2014-12-14 1418551307 0 126 28
195 2014-12-14 1418552207 0 126 28
176 2014-12-14 1418553115 0 111 18
174 2014-12-14 1418554013 0 109 18
175 2014-12-14 1418554911 0 109 19
176 2014-12-14 1418555816 0 109 19
175 2014-12-14 1418556676 0 104 15
135 2014-12-14 1418557869 0 103 14
173 2014-12-14 1418558503 0 99 9
174 2014-12-14 1418559354 0 101 9
177 2014-12-14 1418560255 0 99 7
177 2014-12-14 1418561147 0 99 6
177 2014-12-14 1418562062 0 98 3
173 2014-12-14 1418562955 0 97 3
173 2014-12-14 1418563857 0 90 3
173 2014-12-14 1418564749 0 87 2
168 2014-12-14 1418565668 0 86 2
169 2014-12-14 1418566550 0 87 2
166 2014-12-14 1418567458 0 84 2
157 2014-12-14 1418568408 0 82 2
153 2014-12-14 1418569279 0 79 2
156 2014-12-14 1418570217 0 84 6
158 2014-12-14 1418571067 0 83 5
160 2014-12-14 1418571951 0 82 4
159 2014-12-14 1418572921 0 80 2
160 2014-12-14 1418573758 0 80 2
162 2014-12-14 1418574730 0 80 2
162 2014-12-14 1418575567 0 80 2
164 2014-12-14 1418576468 0 81 2
165 2014-12-14 1418578276 0 81 2
165 2014-12-14 1418579173 0 82 2
168 2014-12-14 1418580071 0 85 3
168 2014-12-14 1418580963 0 85 3
169 2014-12-14 1418581932 0 86 3
169 2014-12-14 1418582764 0 87 3
171 2014-12-14 1418583731 0 89 3
171 2014-12-14 1418584561 0 89 3
171 2014-12-14 1418585469 0 90 3
171 2014-12-14 1418586361 0 90 3
172 2014-12-14 1418587343 0 91 3
172 2014-12-14 1418588175 0 92 3
173 2014-12-14 1418589070 0 94 3
174 2014-12-14 1418589961 0 95 3
175 2014-12-14 1418590870 0 100 3
175 2014-12-14 1418591782 0 100 3
175 2014-12-14 1418592677 0 103 3
176 2014-12-14 1418593565 0 108 3
178 2014-12-14 1418594538 0 116 3
178 2014-12-14 1418595374 0 116 3
178 2014-12-14 1418596332 0 116 3
178 2014-12-14 1418597170 0 116 3
179 2014-12-14 1418598083 0 118 3
179 2014-12-14 1418598975 0 118 3
179 2014-12-14 1418599874 0 118 3
179 2014-12-14 1418600763 0 118 3
180 2014-12-15 1418601744 0 119 3
180 2014-12-15 1418602567 0 119 3
180 2014-12-15 1418603539 0 119 3
180 2014-12-15 1418604375 0 119 3
181 2014-12-15 1418605337 0 120 3
181 2014-12-15 1418607086 0 120 3
181 2014-12-15 1418607966 0 120 3
182 2014-12-15 1418608879 0 124 3
182 2014-12-15 1418609757 0 124 3
182 2014-12-15 1418610667 0 124 3
182 2014-12-15 1418611565 0 124 3
183 2014-12-15 1418612462 0 125 3
183 2014-12-15 1418613573 0 125 3
183 2014-12-15 1418614282 0 125 3
183 2014-12-15 1418615163 0 125 3
184 2014-12-15 1418616125 0 126 3
185 2014-12-15 1418616970 0 127 3
185 2014-12-15 1418617933 0 128 4
185 2014-12-15 1418618767 0 128 4
186 2014-12-15 1418619673 0 129 4
186 2014-12-15 1418620574 0 129 4
186 2014-12-15 1418621464 0 129 4
186 2014-12-15 1418622372 0 129 4
187 2014-12-15 1418623339 0 130 4
187 2014-12-15 1418624169 0 130 5
187 2014-12-15 1418625119 0 131 5
187 2014-12-15 1418625969 0 131 5
188 2014-12-15 1418626871 0 132 5
189 2014-12-15 1418627773 0 133 5
189 2014-12-15 1418628705 0 134 6
189 2014-12-15 1418629626 0 134 9
190 2014-12-15 1418630483 0 135 9
190 2014-12-15 1418631372 0 135 10
192 2014-12-15 1418632267 0 135 11
194 2014-12-15 1418633173 0 130 10
197 2014-12-15 1418634069 0 131 9
199 2014-12-15 1418635869 0 133 11
201 2014-12-15 1418636762 0 133 12
185 2014-12-15 1418637670 0 112 13
189 2014-12-15 1418638569 0 112 14
187 2014-12-15 1418639477 0 113 15
184 2014-12-15 1418640366 0 111 15
185 2014-12-15 1418641354 0 111 14
190 2014-12-15 1418642231 0 111 14
191 2014-12-15 1418643069 0 112 15
192 2014-12-15 1418644030 0 113 15
151 2014-12-15 1418645757 0 72 7
74 2014-12-15 1418646602 0 19 4
71 2014-12-15 1418647502 0 19 4
72 2014-12-15 1418648403 0 20 4
72 2014-12-15 1418649303 0 20 4
72 2014-12-15 1418650205 0 22 4
76 2014-12-15 1418651105 0 23 4
76 2014-12-15 1418652004 0 24 4
65 2014-12-15 1418652902 0 17 2
63 2014-12-15 1418653807 0 12 2
62 2014-12-15 1418654704 0 10 0
66 2014-12-15 1418655605 0 10 0
69 2014-12-15 1418656509 0 9 0
70 2014-12-15 1418657408 0 9 0
72 2014-12-15 1418658309 0 10 0
72 2014-12-15 1418659209 0 10 0
74 2014-12-15 1418660122 0 10 0
74 2014-12-15 1418661017 0 10 0
75 2014-12-15 1418661909 0 10 0
75 2014-12-15 1418662873 0 10 0
76 2014-12-15 1418663709 0 10 0
77 2014-12-15 1418664610 0 10 0
79 2014-12-15 1418665512 0 10 0
82 2014-12-15 1418666414 0 10 0
83 2014-12-15 1418667375 0 10 0
84 2014-12-15 1418668213 0 10 0
85 2014-12-15 1418669114 0 10 0
85 2014-12-15 1418670017 0 10 0
86 2014-12-15 1418670976 0 10 0
86 2014-12-15 1418671884 0 10 0
87 2014-12-15 1418672714 0 10 0
87 2014-12-15 1418673624 0 10 0
88 2014-12-15 1418674584 0 10 0
89 2014-12-15 1418675490 0 10 0
89 2014-12-15 1418676314 0 10 0
93 2014-12-15 1418677282 0 10 0
94 2014-12-15 1418678122 0 10 0
94 2014-12-15 1418679017 0 10 0
94 2014-12-15 1418679922 0 10 0
95 2014-12-15 1418680884 0 10 0
97 2014-12-15 1418681722 0 10 0
97 2014-12-15 1418682620 0 10 0
100 2014-12-15 1418683528 0 10 0
100 2014-12-15 1418684426 0 10 0
101 2014-12-15 1418685323 0 10 0
101 2014-12-15 1418686237 0 10 0
103 2014-12-15 1418687118 0 10 0
103 2014-12-16 1418688029 0 10 0
103 2014-12-16 1418688923 0 10 0
103 2014-12-16 1418689886 0 10 0
103 2014-12-16 1418690722 0 10 0
103 2014-12-16 1418691631 0 10 0
104 2014-12-16 1418692523 0 10 0
104 2014-12-16 1418693423 0 10 0
104 2014-12-16 1418694346 0 10 0
104 2014-12-16 1418695226 0 10 0
104 2014-12-16 1418696191 0 10 0
104 2014-12-16 1418697085 0 10 0
104 2014-12-16 1418697972 0 10 0
104 2014-12-16 1418698829 0 10 0
104 2014-12-16 1418699724 0 10 0
104 2014-12-16 1418700628 0 10 0
104 2014-12-16 1418701532 0 10 0
104 2014-12-16 1418702449 0 10 0
104 2014-12-16 1418703337 0 10 0
105 2014-12-16 1418704227 0 10 0
105 2014-12-16 1418705129 0 10 0
105 2014-12-16 1418706027 0 10 0
105 2014-12-16 1418706926 0 10 0
105 2014-12-16 1418707887 0 10 0
105 2014-12-16 1418708784 0 10 0
105 2014-12-16 1418709682 0 10 0
106 2014-12-16 1418710528 0 10 0
106 2014-12-16 1418711425 0 10 0
106 2014-12-16 1418712319 0 10 0
106 2014-12-16 1418713226 0 10 0
107 2014-12-16 1418714143 0 10 0
107 2014-12-16 1418715030 0 10 0
108 2014-12-16 1418715991 0 10 0
115 2014-12-16 1418720431 0 15 0
114 2014-12-16 1418721328 0 13 0
114 2014-12-16 1418722250 0 13 0
109 2014-12-16 1418723190 0 13 0
108 2014-12-16 1418724033 0 16 0
107 2014-12-16 1418724995 0 16 0
108 2014-12-16 1418725895 0 18 0
106 2014-12-16 1418726803 0 18 0
105 2014-12-16 1418727637 0 19 0
105 2014-12-16 1418728547 0 21 0
103 2014-12-16 1418729438 0 22 0
104 2014-12-16 1418730396 0 22 0
103 2014-12-16 1418731239 0 22 0
103 2014-12-16 1418732138 0 21 0
47 2014-12-16 1418743877 0 21 0
45 2014-12-16 1418744768 0 21 0
47 2014-12-16 1418745605 0 21 0
48 2014-12-16 1418746509 0 21 0
52 2014-12-16 1418747475 0 21 0
52 2014-12-16 1418748309 0 21 0
52 2014-12-16 1418749209 0 21 0
53 2014-12-16 1418750112 0 21 0
54 2014-12-16 1418751038 0 19 0
55 2014-12-16 1418751911 0 19 0
56 2014-12-16 1418752827 0 19 0
57 2014-12-16 1418753782 0 19 0
58 2014-12-16 1418754630 0 19 0
59 2014-12-16 1418755515 0 19 0
59 2014-12-16 1418756478 0 19 0
61 2014-12-16 1418757318 0 19 0
61 2014-12-16 1418758221 0 19 0
61 2014-12-16 1418759117 0 19 0
62 2014-12-16 1418760033 0 19 0
64 2014-12-16 1418760982 0 19 0
64 2014-12-16 1418761829 0 19 0
64 2014-12-16 1418762782 0 19 0
64 2014-12-16 1418763625 0 19 0
65 2014-12-16 1418764522 0 19 0
65 2014-12-16 1418765420 0 19 0
66 2014-12-16 1418766327 0 19 0
66 2014-12-16 1418767230 0 19 0
68 2014-12-16 1418768116 0 19 0
69 2014-12-16 1418769022 0 19 0
69 2014-12-16 1418769929 0 19 0
70 2014-12-16 1418770826 0 19 0
70 2014-12-16 1418771783 0 19 0
70 2014-12-16 1418772626 0 19 0
70 2014-12-16 1418773586 0 19 0
70 2014-12-17 1418774436 0 19 0
70 2014-12-17 1418775327 0 19 0
70 2014-12-17 1418776285 0 19 0
70 2014-12-17 1418777123 0 19 0
70 2014-12-17 1418778029 0 19 0
70 2014-12-17 1418778924 0 19 0
70 2014-12-17 1418779826 0 19 0
70 2014-12-17 1418780718 0 19 0
70 2014-12-17 1418781626 0 19 0
71 2014-12-17 1418782584 0 19 0
71 2014-12-17 1418783425 0 19 0
71 2014-12-17 1418784328 0 19 0
71 2014-12-17 1418785229 0 19 0
71 2014-12-17 1418786124 0 19 0
71 2014-12-17 1418787038 0 19 0
71 2014-12-17 1418787986 0 19 0
71 2014-12-17 1418788882 0 19 0
71 2014-12-17 1418789723 0 19 0
72 2014-12-17 1418790688 0 19 0
72 2014-12-17 1418791528 0 19 0
72 2014-12-17 1418792484 0 19 0
72 2014-12-17 1418793339 0 19 0
72 2014-12-17 1418794238 0 19 0
72 2014-12-17 1418795120 0 19 0
72 2014-12-17 1418796086 0 19 0
72 2014-12-17 1418796920 0 19 0
72 2014-12-17 1418797830 0 19 0
72 2014-12-17 1418798752 0 19 0
71 2014-12-17 1418799624 0 19 0
72 2014-12-17 1418800521 0 18 0
71 2014-12-17 1418801424 0 17 0
70 2014-12-17 1418802325 0 16 0
71 2014-12-17 1418803232 0 17 0
39 2014-12-17 1418805093 0 0 0
2 2014-12-21 1419167701 0 2 2
