64 2014-10-08 1412736378 0 21 5
57 2014-10-09 1412822723 0 15 0
70 2014-10-10 1412909114 0 17 1
97 2014-10-11 1412995508 0 44 10
37 2014-10-12 1413081907 0 22 6
31 2014-10-13 1413168305 0 7 1
44 2014-10-14 1413254705 0 8 0
53 2014-10-15 1413341110 0 11 0
90 2014-10-16 1413427516 0 5 0
93 2014-10-17 1413513911 0 46 0
87 2014-10-18 1413600307 0 0 0
99 2014-10-19 1413686711 0 34 0
99 2014-10-20 1413773183 0 38 0
101 2014-10-21 1413859520 0 52 8
138 2014-10-22 1413945915 0 76 19
136 2014-10-23 1414032307 0 92 43
114 2014-10-24 1414118774 0 52 18
75 2014-10-25 1414205108 0 50 9
106 2014-10-26 1414291507 0 73 21
135 2014-10-27 1414377916 3 108 50
102 2014-10-28 1414464308 0 62 41
94 2014-10-29 1414550704 0 69 43
72 2014-10-30 1414637104 0 45 28
125 2014-10-31 1414723528 1 73 19
172 2014-11-01 1414810001 5 110 24
93 2014-11-02 1414896368 0 53 11
70 2014-11-03 1414986311 0 33 7
85 2014-11-04 1415072711 0 50 10
115 2014-11-05 1415159129 0 70 29
122 2014-11-06 1415245519 0 63 15
144 2014-11-07 1415331983 0 90 11
153 2014-11-08 1415418475 0 77 11
49 2014-11-09 1415504783 0 27 9
69 2014-11-10 1415591104 0 43 18
130 2014-11-11 1415677591 0 69 27
124 2014-11-12 1415763983 0 45 11
107 2014-11-13 1415850321 0 51 4
101 2014-11-14 1415936718 0 53 8
70 2014-11-15 1416023115 0 15 0
70 2014-11-16 1416109568 0 42 5
77 2014-11-17 1416195903 0 64 16
71 2014-11-18 1416282308 0 53 34
101 2014-11-19 1416368785 0 54 31
75 2014-11-20 1416455170 2 56 44
62 2014-11-21 1416541506 13 50 35
88 2014-11-22 1416627911 11 64 43
103 2014-11-23 1416714313 0 65 17
76 2014-11-24 1416800723 0 22 8
92 2014-11-25 1416887176 0 24 2
132 2014-11-26 1416973528 0 96 36
235 2014-11-27 1417059950 2 164 74
65 2014-11-28 1417146306 0 40 32
79 2014-11-29 1417232736 2 44 29
104 2014-11-30 1417319113 4 73 35
76 2014-12-01 1417405505 0 51 21
73 2014-12-02 1417491915 0 28 8
78 2014-12-03 1417578417 0 24 8
56 2014-12-04 1417664739 0 9 4
93 2014-12-05 1417751144 0 36 3
67 2014-12-06 1417837514 0 10 0
81 2014-12-07 1417923919 0 46 5
112 2014-12-08 1418010347 0 62 5
80 2014-12-09 1418096725 0 27 11
62 2014-12-10 1418183118 0 14 3
88 2014-12-11 1418269519 0 20 4
95 2014-12-12 1418355917 0 26 2
120 2014-12-13 1418442392 0 47 7
187 2014-12-14 1418528739 0 121 21
183 2014-12-15 1418615163 0 125 3
104 2014-12-16 1418701532 0 10 0
71 2014-12-17 1418787986 0 19 0
